9
4 1 11 4 10 7 1 10 15 6 14 11 11 2 6 4 4 1
9
11 2 1 4 10 1 14 2 1 7 12 14 15 13 13 4 7 2
9
15 3 13 6 7 9 1 7 3 8 7 10 11 13 13 15 15 3
9
1 4 15 1 7 2 12 3 14 5 3 8 13 4 1 7 11 4
10
12 5 3 8 15 12 6 13 7 9 1 7 10 8 7 9 11 14 14 5
9
13 6 11 13 15 12 6 15 1 6 7 1 12 3 1 10 15 6
9
1 7 10 1 14 2 1 4 11 2 12 14 15 13 13 4 2 7
10
3 8 15 3 12 5 13 6 2 9 11 2 14 5 2 9 1 10 10 8
10
2 9 11 2 13 4 14 5 1 7 3 8 15 3 12 5 3 8 7 9
9
1 10 7 1 12 3 1 6 15 3 14 12 11 13 13 6 3 10
9
4 11 1 4 10 1 14 2 1 7 11 14 15 13 13 4 4 11
9
15 12 6 13 1 6 10 3 11 14 2 11 3 12 11 13 14 12
9
6 13 1 6 15 3 13 15 11 13 2 11 3 12 11 14 15 13
9
11 14 2 11 3 12 15 3 1 6 11 13 14 12 6 13 12 14
9
6 15 13 6 1 10 7 1 11 13 15 12 12 3 1 6 6 15
