666
30
424
151
77
585
95
551
944
191
316
587
803
886
537
82
765
796
732
141
320
337
646
99
69
550
521
650
90
651
328
196
698
867
947
757
654
667
59
33
537
425
191
974
642
610
587
936
121
618
754
178
832
300
489
720
203
831
176
713
111
488
832
606
192
48
845
545
488
77
699
725
696
960
323
523
446
242
420
296
701
676
433
647
850
84
806
830
969
386
977
47
379
432
43
858
17
368
792
794
754
487
78
728
775
479
337
774
733
617
283
789
730
857
66
435
854
54
875
798
807
503
434
32
209
221
966
105
580
470
38
771
626
588
591
156
367
680
451
807
4
692
813
523
854
836
190
286
476
616
234
309
869
398
881
117
988
939
465
574
795
806
896
460
271
771
600
456
872
215
805
386
844
409
463
655
220
285
469
974
753
204
167
860
346
947
661
528
903
582
868
275
136
828
135
740
427
366
719
269
125
941
742
354
271
719
393
114
478
804
856
535
274
967
618
653
908
707
251
421
529
340
478
322
680
352
748
89
46
288
206
216
467
333
68
402
30
175
406
243
440
423
451
512
984
75
463
163
450
869
668
224
846
876
144
3
128
520
275
791
824
263
105
476
407
888
558
328
544
893
637
899
699
715
714
138
515
478
998
613
33
722
527
934
776
356
44
836
681
807
114
58
299
484
485
567
38
534
708
253
391
106
817
5
420
953
617
402
663
72
596
367
653
640
522
146
853
221
751
939
325
390
296
851
146
338
233
576
133
699
730
45
695
870
673
119
523
430
318
757
638
512
641
833
215
647
371
787
576
337
425
538
279
23
993
919
522
395
250
573
757
711
283
895
352
722
882
491
618
958
331
793
866
836
772
884
99
187
866
61
474
620
490
832
190
588
40
929
823
65
540
295
555
593
604
946
742
230
760
733
661
370
803
13
125
40
78
679
572
70
881
312
208
947
439
621
977
648
548
640
738
5
638
336
376
670
760
753
447
177
868
143
438
522
992
509
416
191
25
749
139
989
322
936
296
555
627
319
460
802
872
774
215
499
365
978
46
118
353
799
322
100
248
385
807
114
791
505
141
915
718
569
310
838
133
957
482
387
486
247
167
599
245
164
772
973
604
84
588
585
755
412
219
441
619
902
662
652
549
376
511
321
178
425
661
729
378
461
659
764
493
443
440
332
942
982
237
550
933
240
79
25
933
724
468
537
90
282
471
891
93
16
86
664
670
971
582
904
578
545
776
614
982
18
300
398
886
788
465
70
438
801
794
721
920
711
121
626
898
688
307
714
26
293
170
549
616
277
193
710
172
405
792
899
591
983
275
838
104
142
394
238
531
219
284
57
92
399
200
713
139
399
959
790
943
442
519
86
939
615
886
496
648
1
358
122
336
792
789
776
745
957
303
653
631
887
469
706
763
411
773
711
267
615
981
436
41
711
578
835
476
732
143
794
466
686
316
279
225
713
836
485
605
178
795
196
187
412
562
573
417
105
480
650
417
827
900
173
429
883
932
929
845
206
686
680
634

