666
7081645
5125954
9092384
6824440
2804386
1987456
7337183
5683664
393501
4037065
8871897
7842747
3673461
8414215
4798276
2444196
6311163
6163722
8234974
9807094
8717963
1579828
1227086
3989188
3770679
2643673
895049
4631371
3871199
3768706
4654493
277467
4729254
4371921
4985014
3734304
383500
7324215
2830464
2513899
8045321
7061716
311254
3926362
1580227
2844835
4531509
251631
3575338
5210386
8189206
2123127
7714261
3631145
3751338
3845528
5455702
9088203
5454132
3110571
1105097
2299256
1230249
7815231
5214733
5807171
165649
6928883
6209748
2048775
2858882
4686863
8623550
9510347
5283529
7256473
9227858
4327346
9800767
1835024
7232044
851813
6391040
6620250
5812611
3706870
3679951
5311989
9101130
9803894
9512682
9591239
5985488
2197824
5274994
3539207
8998474
1595446
995043
723135
2708645
1204265
710916
5083691
664417
1000701
2713658
7307897
9520117
4281522
6798212
6365143
160383
5630534
1631827
8820655
7939283
1163684
136561
5385212
4384491
9944954
4472341
1835404
9700391
2441538
7364939
6688385
4608570
5284760
3429052
9144089
9523671
2161132
9079387
2888976
6825656
8522214
4312118
6291793
3024203
1297277
1414921
6964406
5606028
8704433
1813546
3701055
1233681
6189747
4140635
2377718
7417903
7477611
3645629
7321059
2539267
4863716
3402786
9138491
3726823
9542293
5788792
9861574
5335102
2202327
3820096
9686725
4402357
1934554
5186339
7530315
423761
8786593
8482946
2429311
8270824
8610476
1020901
6751706
8280651
8113371
3817883
553691
3734431
5136809
3262398
6205133
1444178
3561451
1153071
5542163
2566250
3843594
8535360
84872
8600862
485032
9608630
344393
7198633
8894665
9944372
7722055
8190354
3302756
2174155
965957
5003935
4613831
1685372
8353644
8480198
3677823
9790902
1823685
64220
5011353
7026670
7473153
7170777
1709776
2215067
7446953
2885054
3753434
8246564
1605818
6581612
4657555
5331881
6118471
6161630
8159237
7813850
9739211
8586150
2821743
3110932
8458760
6647432
597954
7872395
3201953
6598227
8366538
5964393
3443247
3989335
8514395
8887455
7141070
9598550
6611667
8437661
2602221
9370601
2932251
9002899
3900898
9273504
5283993
7133345
3762397
5714100
3971384
5177364
1464423
3806431
7771012
4743660
4061720
8292111
7997220
6392075
4581150
6295823
863138
1694488
5654256
4509868
5962771
5535675
4418750
8084664
3283466
7037742
9355241
6656398
5511090
1854073
1372716
3581032
1651489
5069063
629318
5924774
3479886
8212384
9975263
803780
1425926
2342533
4285039
3394046
4867835
1524116
7305419
7764430
9833542
3656447
8506051
1173047
8593090
105259
5512506
204472
563967
3370446
7438804
3294356
1399063
5050006
9638987
7591269
6137793
9452760
7539855
8926038
6322337
4802693
212517
1825058
2160682
6776123
8447828
393911
2366975
9421304
6357268
4436615
768848
6245486
3545903
2267363
103179
431863
871992
1168722
1762896
1191531
7589964
6828559
9922101
8702419
7007888
2862097
2843827
2532061
7865332
6359428
2446886
563664
7271708
9585908
4385660
293802
3106164
8330154
6284865
1220457
3645102
9286669
7679763
5420494
5405659
9370811
7805926
7720952
1606187
6818941
4393542
7169318
4638905
485779
9389142
669579
2884073
396081
1505635
5875736
8493416
3484651
7759336
3209720
7012684
8048915
9841844
9029846
5680892
7430619
9833342
9134918
7752482
8772609
6371418
2783266
5440338
5511715
7458308
2171620
8348258
4724458
4612694
4235787
3947659
209293
8662090
3673518
8102880
7241683
1426826
2292597
3490713
995702
4170116
3739609
1050351
3216323
7869742
9972459
6835967
8607525
394223
6321377
7577751
2259116
7390588
9351341
8383062
7342593
4784453
6730717
1950090
1123806
5763278
9889670
895600
9795197
8718726
871797
5850629
6892877
5033384
901049
9633292
6537295
2881367
7645238
446801
8812286
4481499
2229444
7545147
75467
6548091
6363360
5371600
9150110
1278191
6479092
2911195
2134188
8032687
1945033
8459315
8533686
2950264
1297346
7983459
9444221
3138698
3743413
6420782
1279690
5702736
5469000
9698089
5679790
9625227
4325997
1987066
3738195
553083
9128528
9174947
2872501
2844423
4110750
348416
635227
7674886
2898786
5090645
9059283
607717

