666
92596
74042
3010
9184
83750
55687
70825
89269
56130
135
20997
73450
40356
63518
33278
21364
48707
75062
77796
14065
25626
96282
13594
78559
36442
62330
69533
58952
49861
87430
86547
74962
30357
64394
77870
64319
25033
34928
13691
61097
31616
61494
63395
31894
89091
9591
72468
99158
23507
47241
67805
44618
17742
14401
98433
4456
66109
81836
29420
36028
70818
75022
57558
49256
4736
57643
58094
30874
8530
82984
68958
99472
14706
74784
89845
99699
93291
2642
62301
90811
63928
10697
1328
51008
13740
41449
66523
71080
34637
62554
71488
49856
51440
66245
49225
6471
33389
48792
58078
30552
91389
93723
85367
61341
56627
51303
67652
35177
91468
36471
54315
21710
26866
76861
80814
42796
53054
21259
27326
6033
93853
79085
4753
85272
92510
56658
47819
88285
79521
63386
22650
73970
81918
21729
44907
59215
70086
94932
52611
38883
33923
34988
75917
26714
32009
10949
95199
14309
10778
79812
18122
63478
82566
66999
19537
52462
37904
43520
2604
87458
76727
4344
59235
1813
31706
75830
37167
59068
45299
53558
79747
27702
56368
66565
57550
93628
61077
1392
49787
46746
29224
51875
61900
12233
25704
41360
85608
3639
45749
64834
7602
21573
58579
67563
57394
38253
82634
63553
64500
1183
68883
92121
21460
73423
34657
71066
26870
82948
22347
2601
18420
36416
84553
34507
72193
84285
59448
36177
26678
59840
22316
76447
6324
35513
86810
51022
87285
4648
42278
50123
27149
4999
20583
14913
73002
21635
78324
85333
20552
47969
63505
16632
65820
89074
20160
52998
31792
25808
99235
67901
70475
40692
4263
99923
71602
2802
53141
10982
67919
60882
25078
30890
14646
19106
16912
98543
17311
20665
94788
7166
1088
749
65287
15876
4249
8572
59395
21016
15130
20617
67676
67974
30118
98442
35942
30037
1757
48564
13852
76260
6536
71463
9518
56886
92750
55112
58034
52924
2991
14580
93337
28210
54290
26215
96372
68656
78705
14430
71070
53795
72999
25945
87566
6577
30373
19166
19059
71590
68548
17308
65730
42043
32469
63092
36952
83039
26776
49594
3216
85430
67362
42784
99307
11420
64172
89238
90441
77799
918
58857
86858
84721
68481
10795
66244
32582
42850
85390
32425
37253
45449
22119
53036
78338
74571
93100
70285
56714
67439
38488
44032
64974
56500
94898
89826
16409
5052
89207
1918
78129
63418
46019
55998
42718
56943
93204
77172
23367
33437
66010
98587
71815
62424
94247
51274
96476
45640
78816
21387
67054
5558
96684
98052
1605
38333
39219
90938
21268
92780
17066
34016
28600
24365
19992
48551
61682
3089
77920
34409
44660
73141
62834
42284
5835
69367
13178
23578
84028
86518
26558
31912
20251
93871
20245
64727
27396
54462
56050
82851
55514
72592
15983
33204
72329
91418
9693
87497
84877
49056
73045
77315
81619
23703
34199
84070
26370
30117
51850
11345
49926
12777
2177
96617
30407
94872
99238
27887
15021
53917
54026
81503
59080
942
83825
5780
19925
72759
27401
67310
53162
8651
69185
44804
74223
79099
11539
56123
32201
12744
14392
10710
13768
44846
74537
73349
95162
48540
57395
22612
56377
2116
85876
41742
9656
86745
89078
30857
33631
27906
22804
75073
53134
35697
45686
49335
67151
92228
10229
96190
15684
23419
40451
24240
50121
26567
62211
51461
85733
8634
3872
96024
78638
66051
30929
31706
22775
10910
92216
91760
29468
77386
61074
49773
79546
35828
3369
78213
81583
10722
52372
33980
97208
99614
7815
46228
98725
46591
13483
83753
74324
56967
64876
58366
9945
38649
55403
53429
84648
44089
66911
97108
34661
79491
73863
190
86507
1961
73043
74286
22540
6997
58735
25671
25112
41158
73266
19055
9868
17404
82928
31647
4537
884
15752
74819
60414
84793
65731
46268
63401
30277
94944
55504
57875
81916
22637
25113
15703
56834
47172
19800
29224
70581
88571
26202
55242
4023
17097
34109
17460
99854
7535
22500
47752
59653
98200
8022
4523
44263
4626
78566
63118
23218
97952
10451
97934
97024
80368
78722
3300
38493
15230
54968
9929
1975
79418
7128
56572
90875
918
90592
77547
28804
58043
18184
63100
601
67821
69239
41794
8038
24508
72643
88852
60472
36743
34305
3024
74819
2786
2761
5554
43546
34729
89327
11443

