1000
6996406365198401125067250707926503781992
1132042329799712247282431056285902060689
1831682966319552359789156127078552438888
2963725296119264607071587183364454499577
4795408262438816966860743310443006938465
7759133558558081573932330493807461438042
1255454182099689854079307380425046837650
2031367537955498011472540429805792981455
3286821720055187865551847810230839819105
5318189258010685877024388240036632800561
8605010978065873742576236050267472619666
1392320023607655961960062429030410542022
2252821121414243336217686034057157803989
3645141145021899298177748463087568346012
5897962266436142634395434497144726150001
9543103411458041932573182960232294496014
1544106567789418456696861745737702064601
2498416908935222649954180041760931514203
4042523476724641106651041787498633578804
6540940385659863756605221829259565093007
1058346386238450486325626361675819867181
1712440424804436861986148544601776376481
2770786811042887348311774906277596243663
4483227235847324210297923450879372620145
7254014046890211558609698357156968863808
1173724128273753576890762180803634148395
1899125532962774732751732016519331034776
3072849661236528309642494197322965183171
4971975194199303042394226213842296217947
8044824855435831352036720411165261401119
1301680004963513439443094662500755761906
2106162490507096574646766703617281902018
3407842495470610014089861366118037663925
5514004985977706588736628069735319565943
8921847481448316602826489435853357229869
1443585246742602319156311750558867679581
2335769994887433979438960694144203402568
3779355241630036298595272444703071082149
6115125236517470278034233138847274484717
9894480478147506576629505583550345566867
1600960571466497685466373872239762005158
2590408619281248343129324430594796561845
4191369190747746028595698302834558567003
6781777810028994371725022733429355128849
1097314700077674040032072103626391369585
1775492481080573477204574376969326882470
2872807181158247517236646480595718252055
4648299662238820994441220857565045134525
7521106843397068511677867338160763386581
1216940650563588950611908819572580852110
1969051334903295801779695553388657190768
3185991985466884752391604372961238042879
5155043320370180554171299926349895233648
8341035305837065306562904299311133276527
1349607862620724586073420422566102851017
2183711393204431116729710852497216178670
3533319255825155702803131275063319029687
5717030649029586819532842127560535208358
9250349904854742522335973402623854238046
1496738055388432934186881553018438944640
2421773045873907186420478893280824368445
3918511101262340120607360446299263313085
6340284147136247307027839339580087681530
1025879524839858742763519978587935099461
1659907939553483473466303912545943867614
2685787464393342216229823891133878967076
4345695403946825689696127803679822834691
7031482868340167905925951694813701801767
1137717827228699359562207949849352463645
1840866114062716150154803119330722643822
2978583941291415509717011069180075107468
4819450055354131659871814188510797751290
7798033996645547169588825257690872858759
1261748405199967882946063944620167061005
2041551804864522599904946470389254346880
3303300210064490482851010415009421407886
5344852014929013082755956885398675754766
8648152224993503565606967300408097162652
1399300423992251664836292418580677291741
2264115646491602021396989148621487008007
3663416070483853686233281567202164299749
5927531716975455707630270715823651307756
9590947787459309393863552283025815607505
1551847950443476510149382299884946691526
2510942729189407449535737528187528252276
4062790679632883959685119828072474943803
6573733408822291409220857356260003196079
1063652408845517536890597718433247813988
1721025749727746677812683454059248133596
2784678158573264214703281172492495947584
4505703908301010892515964626551744081180
7290382066874275107219245799044240028765
1179608597517528599973521042559598410994
1908646804204956110695445622464022413871
3088255401722484710668966665023620824865
4996902205927440821364412287487643238737
8085157607649925532033378952511264063602
1308205981357736635339779123999890730233
2116721742122729188543117019251017136594
3424927723480465823882896143250907866828
5541649465603195012426013162501925003422
8966577189083660836308909305752832870250
1450822665468685584873492246825475787367
2347480384377051668504383177400759074392
3798303049845737253377875424226234861759
6145783434222788921882258601626993936152
9944086484068526175260134025853228797911
1608986991829131509714239262748022273406
2603395640235984127240252665333345153197
4212382632065115636954491928081367426603
6815778272301099764194744593414712579801
1102816090436621540114923652149608000640
1784393917666731516534398111491079258620
2887210008103353056649321763640687259261
4671603925770084573183719875131766517881
7558813933873437629833041638772453777143
1223041785964352220301676151390422029502
1978923179351695983284980315267667407216
3201964965316048203586656466658089436719
5180888144667744186871636781925756843936
8382853109983792390458293248583846280655
1356374125465153657732993003050960312459
2194659436463532896778822327909344940524
3551033561928686554511815330960305252983
5745692998392219451290637658869650193508
9296726560320906005802452989829955446492
1504241955871312545709309064869960564000
2433914611903403146289554363852956108649
3938156567774715691998863428722916672649
6372071179678118838288417792575872781298
1031022774745283453028728122129878945394
1668229892713095336857569901387466223524
2699252667458378789886298023517345168919
4367482560171474126743867924904811392444
7066735227629852916630165948422156561363
1143421778780132704337403387332696795380
1850095301543117996000419982174912451517
2993517080323250700337823369507609246898
4843612381866368696338243351682521698415
7837129462189619396676066721190130945313
1268074184405598809301431007287265264372
2051787130624560748969037679406278358904
3319861315030159558270468686693543623277
5371648445654720307239506366099821982181
8691509760684879865509975052793365605458
1406315820633960017274948141889318758763
2275466796702448003825945647168655319309
3681782617336408021100893789057974078073
5957249414038856024926839436226629397383
9639032031375264046027733225284603475457
1559628144541412007095457266151123287284
2523531347678938411698230588679583634829
4083159492220350418793687854830706922113
6606690839899288830491918443510290556943
1068985033211963924928560629834099747905
1729654117201892807977752474185128803600
2798639150413856732906313104019228551505
4528293267615749540884065578204357355105
7326932418029606273790378682223585906611
1185522568564535581467444426042794326171
1918215810367496208846482294265152916832
3103738378932031790313926720307947243004
5021954189299527999160409014573100159837
8125692568231559789474335734881047402842
1314764675753108778863474474945414756268
2127333932576264757810908048433519496552
3442098608329373536674382523378934252820
5569432540905638294485290571812453749372
9011531149235011831159673095191388002192
1458096369014065012564496366700384175156
2359249483937566195680463676219522975375
3817345852951631208244960042919907150532
6176595336889197403925423719139430125908
9993941189840828612170383762059337276440
1617053652673002601609580748119876740234
2616447771657085462826619124325810467878
4233501424330088064436199872445687208113
6849949195987173527262818996771497675992
1108345062031726159169901886921718488410
1793339981630443511896183786598868256009
2901685043662169671066085673520586744420
4695025025292613182962269460119455000430
7596710068954782854028355133640041744851
1229173509424739603699062459375949674528
1988844516320217889101897972739953849013
3218018025744957492800960432115903523541
5206862542065175381902858404855857372554
8424880567810132874703818836971760896096
1363174310987530825660667724182761826865
2205662367768544113131049607879937916474
3568836678756074938791717332062699743339
5774499046524619051922766939942637659814
9343335725280693990714484272005337403154
1511783477180531304263725121194797506296
2446117049708600703335173548395331246612
3957900526889132007598898669590128752909
6404017576597732710934072217985459999521
1036191810348686471853297088757558875243
1676593568008459742946704310556104875195
2712785378357146214800001399313663750438
4389378946365605957746705709869768625633
7102164324722752172546707109183432376071
1149154327108835813029341281905320100170
1859370759581111030284011992823663337777
3008525086689946843313353274728983437948
4867895846271057873597365267552646775725
7876420932961004716910718542281630213674
1274431677923206259050808380983427698939
2062073771219306730741880235211590720307
3336505449142512989792688616195018419247
5398579220361819720534568851406609139554
8735084669504332710327257467601627558802
1413366388986615243086182631900823669835
2286874855937048514118908378660986425715
3700241244923663757205091010561810095551
5987116100860712271323999389222796521267
9687357345784376028529090399784606616819
1567447344664508829985308978900740313808
2536183079242946432838218018879200975490
4103630423907455262823526997779941289299
6639813503150401695661745016659142264789
1074344392705785695848527201443908355408
1738325743020825865414701703109822581887
2812670135726611561263228904553730937296
4550995878747437426677930607663553519184
7363666014474048987941159512217284456481
1191466189322148641461909011988083797566
1927832790769553540256024963209812243214
3119298980091702181717933975197896040781
5047131770861255721973958938407708283996
8166430750952957903691892913605604324777
1321356252181421362566585185201331260877
2137999327276717152935774476561891693355
3459355579458138515502359661763222954232
5597354906734855668438134138325114647587
9056710486192994183940493800088337601820
1465406539292784985237862793841345224940
2371077587912084403631912173850178985122
3836484127204869388869774967691524210063
6207561715116953792501687141541703195186
1004404584232182318137146210923322740524
1625160755743877697387314925077493060043
2629565339976060015524461136000815800568
4254726095719937712911776061078308860612
6884291435695997728436237197079124661180
1113901753141593544134801325815743352179
1802330896711193316978425045523655818297
2916232649852786861113226371339399170476
4718563546563980178091651416863054988774
7634796196416767039204877788202454159250
1235335974298074721729652920506550914802
1998815593939751425650140699326796330727
3234151568237826147379793619833347245530
5232967162177577573029934319160143576257
8467118730415403720409727938993490821787
1370008589259298129343966225815363439804
2216720462300838501384939019714712521983
3586729051560136630728905245530075961787
5803449513860975132113844265244788483771
9390178565421111762842749510774864445559
1519362807928208689495659377601965292933
2458380664470319865779934328679451737488
3977743472398528555275593706281417030421
6436124136868848421055528034960868767910
1041386760926737697633112174124228579833
1684999174613622539738664977620315456624
2726385935540360237371777151744544036457
4411385110153982777110442129364859493082
7137771045694343014482219281109403529539
1154915615584832579159266141047426302262
1868692720154266880607488069158366655216
3023608335739099459766754210205792957478
4892301055893366340374242279364159612694
7915909391632465800140996489569952570172
1280821044752583214051523876893411218286
2072411983915829794065623525850406475303
3353233028668413008117147402743817693590
5425645012584242802182770928594224168894
8778878041252655810299918331338041862485
1420452305383689861248268925993226603138
2298340109508955442278260759127030789386
3718792414892645303526529685120257392524
6017132524401600745804790444247288181911
9735924939294246049331320129367545574435
1575305746369584679513611057361483375634
2548898240299009284446743070298237933078
4124203986668593963960354127659721308712
6673102226967603248407097197957959241791
1079730621363619721236745132561768055050
1747040844060380046077454852357563979229
2826771465423999767314199984919332034279
4573812309484379813391654837276896013509
7400583774908379580705854822196228047789
1197439608439275939409750965947312406129
1937497985930113897480336448166935210908
3134937594369389836890087414114247617038
5072435580299503734370423862281182827947
8207373174668893571260511276395430444986
1327980875496839730563093513867661327293
2148718192963729087689144641507204371792
3476699068460568818252238155374865699085
5625417261424297905941382796882070070877
9102116329884866724193620952256935769962
1472753359130916463013500374913900584084
2382964992119403135432862470139594161080
3855718351250319598446362845053494745164
6238683343369722733879225315193088906244
1009440169462004233232558816024658365140
1633308503798976506620481347543967255765
2642748673260980739853040163568625620906
4276057177059957246473521511112592876671
6918805850320937986326561674681218497577
1119486302738089523280008318579381137424
1811366887770183321912664486047502987182
2930853190508272845192672804626884124607
4742220078278456167105337290674387111790
7673073268786729012298010095301271236398
1241529334706518517940334738597565834818
2008836661585191419170135748127692958458
3250365996291709937110470486725258793277
5259202657876901356280606234852951751736
8509568654168611293391076721578210545013
1376877131204551264967168295643116229674
2227833996621412394306275967800937284176
3604711127825963659273444263444053513851
5832545124447376053579720231244990798027
9437256252273339712853164494689044311878
1526980137672071576643288472593403510990
2470705762899405547928604922062307942178
3997685900571477124571893394655711453169
6468391663470882672500498316718019395347
1046607756404235979707239171137373084851
1693446922751324246957289002809175024386
2740054679155560226664528173946548109238
4433501601906884473621817176755723133624
7173556281062444700286345350702271242862
1160705788296932917390816252745799437648
1878061416403177387419450787816026561935
3038767204700110304810267040561825999583
4916828621103287692229717828377852561518
7955595825803397997039984868939678561102
1287242444690668568926970269731753112262
2082802027271008368630968756625720968372
3370044471961676937557939026357474080634
5452846499232685306188907782983195049006
8822890971194362243746846809340669129641
1427573747042704754993575459232386417864
2309862844162140979368260140166453330828
3737436591204845734361835599398839748693
6047299435366986713730095739565293079522
9784736026571832448091931338964132828216
1583203546193881916182202707852942590773
2561677148851065160991395841749355873595
4144880695044947077173598549602298464369
6706557843896012238164994391351654337965
1085143853894095931533859294095395280233
1755799638283697155350358733230560714029
2840943492177793086884218027325955994263
4596743130461490242234576760556516708293
7437686622639283329118794787882472702556
1203442975310077357135337154843898941085
1947211637574005690047216633632146211340
3150654612884083047182553788476045152425
5097866250458088737229770422108191363766
8248520863342171784412324210584236516192
1334638711380026052164209463269242787995
2159490797714243230605441884327666439615
3494129509094269282769651347596909227610
5653620306808512513375093231924575667226
9147749815902781796144744579521484894837
1480137012271129430951983781144606056206
2394911993861407610566458239096754545690
3875049006132537041518442020241360601896
6269960999993944652084900259338115147586
1014501000612648169360334227957947574948
1641497100612042634568824253891759089706
2655998101224690803929158481849706664655
4297495201836733438497982735741465754362
6953493303061424242427141217591172419017
1125098850489815768092512395333263817337
1820448180795958192335226517092381059239
2945547031285773960427738912425644876577
4765995212081732152762965429518025935817
7711542243367506113190704341943670812394
1247753745544923826595366977146169674821
2018907969881674437914437411340536756060
3266661715426598264509804388486706430881
5285569685308272702424241799827243186942
8552231400734870966934046188313949617824
1383780108604314366935828798814119280476
2239003248677801463629233417645514242259
3622783357282115830565062216459633522735
5861786605959917294194295634105147764995
9484569963242033124759357850564781287730
1534635656920195041895365348466992905272
2483092653244398354371301133523471034045
4017728310164593396266666481990463939318
6500820963408991750637967615513934973363
1051854927357358514690463409750439891268
1701937023698257689754260171301833388604
2753791951055616204444723581052273279872
4455728974753873894198983752354106668477
7209520925809490098643707333406379948350
1166524990056336399284269108576048661682
1887477082637285409148639841916686656517
3054002072693621808432908950492735318200
4941479155330907217581548792409421974718
7995481228024529026014457742902157292918
1293696038335543624359600653531157926763
2093244161137996526961046427821373656055
3386940199473540151320647081352531582819
5480184360611536678281693509173905238875
8867124560085076829602340590526436821694
1434730892069661350788403409970034206056
2321443348078169033748637469022677888226
3756174240147830384537040878992712094283
6077617588225999418285678348015389982509
9833791828373829802822719227008102076793
1591140941659982922110839757502349205930
2574520124497365902393111680203159413609
4165661066157348824503951437705508619539
6740181190654714726897063117908668033149
1090584225681206355140101455561417665268
1764602344746677827829807767352284468583
2855186570427884182969909222913702133852
4619788915174562010799716990265986602436
7474975485602446193769626213179688736289
1209476440077700820456934320344567533872
1956973988637945439833896941662536407501
3166450428715646260290831262007103941374
5123424417353591700124728203669640348875
8289874846069237960415559465676744290249
1341329926342282966054028766934638463912
2170317410949206762095584713502312892937
3511647337291489728149613480436951356850
5681964748240696490245198193939264249787
9193612085532186218394811674376215606637
1487557683377288270864000986831547985642
2406918891930506892703482154269169546306
3894476575307795163567483141100717531948
6301395467238302056270965295369887078255
1019587204254609721983844843647060461020
1649726750978439927610941373184049168845
2669313955233049649594786216831109629866
4319040706211489577205727590015158798712
6988354661444539226800513806846268428578
1130739536765602880400624139686142722729
1829575002910056803080675520370769565586
2960314539675659683481299660056912288316
4789889542585716486561975180427681853902
7750204082261376170043274840484594142218
1254009362484709265660525002091227599612
2029029770710846882664852486139687013834
3283039133195556148325377488230914613446
5312068903906403030990229974370601627280
8595108037101959179315607462601516240726
1390717694100836221030583743697211786800
2250228497811032138962144489957363410873
3640946191911868359992728233654575197674
5891174689722900498954872723611938608547
9532120881634768858947600957266513806221
1542329557135766935790247368087845241476
2495541645299243821685007463814496622099
4037871202435010757475254831902341863575
6533412847734254579160262295716838485675
1057128405016926533663551712761918034925
1710469689790351991579577942333601883492
2767598094807278525243129655095519918417
4478067784597630516822707597429121801910
7245665879404909042065837252524641720327
1172373366400253955888854484995376352223
1896939954340744860095438210247840524256
3069313320740998815984292695243216876480
4966253275081743676079730905491057400737
8035566595822742492064023600734274277217
1300181987090448616814375450622533167795
2103738646672722866020777810695960595517
3403920633763171482835153261318493763312
5507659280435894348855931072014454358829
8911579914199065831691084333332948122142
1441923919463496018054701540534740248097
2333081910883402601223809973868035060311
3775005830346898619278511514402775308408
6108087741230301220502321488270810368720
9883093571577199839780833002673585677128
1599118131280750106028315449094439604584
2587427488438470090006398749361798172297
4186545619719220196034714198456237776882
6773973108157690286041112947818035949180
1096051872787691048207582714627427372606
1773449183603460076811694009409230967524
2869501056391151125019276724036658340130
4642950239994611201830970733445889307655
7512451296385762326850247457482547647785
1215540153638037352868121819092843695544
1966785283276613585553146564841098460322
3182325436914650938421268383933942155866
5149110720191264523974414948775040616189
8331436157105915462395683332708982772056
1348054687729717998637009828148402338824
2181198303440309544876578161419300616030
3529252991170027543513587989567702954854
5710451294610337088390166150987003570884
9239704285780364631903754140554706525739
1495015558039070172029392029154171009662
2418985986617106635219767443209641662236
3914001544656176807249159472363812671898
6332987531273283442468926915573454334135
1024698907592946024971808638793726700603
1657997660720274369218701330351072134016
2682696568313220394190509969144798834620
4340694229033494763409211299495870968637
7023390797346715157599721268640669803257
1136408502638020992100893256813654077189
1838747582372692507860865383677721057515
2975156085010713499961758640491375134704
4813903667383406007822624024169096192220
7789059752394119507784382664660471326924
1260296341977752551560700668882956751914
2039202317217164502339138935349003884606
3299498659194917053899839604231960636521
5338700976412081556238978539580964521128
8638199635606998610138818143812925157649
1397690061201908016637779668339388967877
2261510024762607877651661482720681483642
3659200085964515894289441151060070451520
5920710110727123771941102633780751935163
9579910196691639666230543784840822386684
1550062030741876343817164641862157432184
2508053050411040310440219020346239670853
4058115081152916654257383662208397103037
6566168131563956964697602682554636773891
1062428321271687361895498634476303387692
1719045134428083058365258902731767065082
2781473455699770420260757537208070452774
4500518590127853478626016439939837517856
7281992045827623898886773977147907970631
1178251063595547737751279041708774548848
1906450268178310127639956439423565345912
3084701331773857865391235481132339894760
4991151599952167993031191920555905240673
8075852931726025858422427401688245135433
1306700453167819385145361932224415037610
2114285746340421970987604672393239551154
3420986199508241356132966604617654588764
5535271945848663327120571277010894139918
8956258145356904683253537881628548728683
1449153009120556801037410915863944286860
2344778823656247269362764704026799159728
3793931832776804070400175619890743446588
6138710656433051339762940323917542606317
9932642489209855410163115943808286052906
1607135314564290674992605626772582865922
2600399563485276216008917221153411471213
4207534878049566891001522847925994337135
6807934441534843107010440069079405808348
1101546931958440999801196291700540014548
1782340376111925310502240298608480595383
2883887308070366310303436590309020609931
4666227684182291620805676888917501205314
7550114992252657931109113479226521815246
1221634267643494955191479036814402302056
1976645766868760748302390384737054483580
3198280034512255703493869421551456785636
5174925801381016451796259806288511269217
8373205835893272155290129227839968054854
1354813163727428860708638903412847932407
2192133747316756076237651826196844737892
3546946911044184936946290729609692670299
5739080658360941013183942555806537408192
9286027569405125950130233285416230078492
1502510822776606696331417584122276748668
2431113579717119291344440912663899756517
3933624402493725987675858496786176505186
6364737982210845279020299409450076261704
1029836238470457126669615790623625276689
1666310036691541654571645731568632902859
2696146275161998781241261522192258179548
4362456311853540435812907253760891082407
7058602587015539217054168775953149261956
1142105889886907965286707602971404034436
1847966148588461886992124480566718960632
2990072038475369852278832083538122995068
4838038187063831739270956564104841955700
7828110225539201591549788647642964950769
1266614841260303333082074521174780690646
2049425863814223492237053385939077185723
3316040705074526825319127907113857876370
5365466568888750317556181293052935062094
8681507273963277142875309200166792938465
1404697384285202746043149049321972800056
2272848111681530460330679969338652093902
3677545495966733206373829018660624893958
5950393607648263666704508987999276987861
9627939103614996873078338006659901881819
1557833271126326053978284699465917886968
2520627181487825741286118500131908075150
4078460452614151795264403199597825962118
6599087634101977536550521699729734037268
1067754808671612933181492489932755999938
1727663572081810686836544659905729403665
2795418380753423620018037149838485403604
4523081952835234306854581809744214807269
7318500333588657926872618959582700210873
1184158228642389223372720076932691501814
1916008262001255016059981972890961522901
3100166490643644239432702049823653024716
5016174752644899255492684022714614547617
8116341243288543494925386072538267572333
1313251599593344275041807009525288211995
2124885723922198624534345616779114969228
3438137323515542899576152626304403181223
5563023047437741524110498243083518150452
9001160370953284423686650869387921331675
1456418341839102594779714911247143948212
2356534378934431037148379998185936081380
3812952720773533631928094909433080029593
6169487099707964669076474907619016110973
9982439820481498301004569817052096140566
1615192692018946297008104472467111225154
2613436674067096127108561454172320839210
4228629366086042424116665926639432064364
6842066040153138551225227380811752903575
1107069540623918097534189330745118496794
1791276144639231952656712068826293787151
2898345685263150050190901399571412283945
4689621829902382002847613468397706071097
7587967515165532053038514867969118355042
1227758934506791405588612833636682442613
1986555686023344610892464320433594278118
3214314620530136016481077154070276720732
5200870306553480627373541474503870998850
8415184927083616643854618628574147719582
1361605523363709727122816010307801871843
2203124016072071391508277873165216643801
3564729539435781118631093883473018515644
5767853555507852510139371756638235159446
9332583094943633628770465640111253675091
1510043665045148613890983739674948883453
2443301974539511976768030303686074250962
3953345639584660590659014043361023134416
6396647614124172567427044347047097385379
1034999325370883315808605839040812051979
1674664086783300572551310273745521790517
2709663412154183888359916112786333842497
4384327498937484460911226386531855633014
7093990911091668349271142499318189475512
1147831841002915281018236888585004510852
1857230932112082115945351138516823458403
3005062773114997396963588027101827969256
4862293705227079512908939165618651427660
7867356478342076909872527192720479396917
1272965018356915642278146635833913082457
2059700666191123333265399355105961022149
3332665684548038975543545990939874104607
5392366350739162308808945346045835126756
8725032035287201284352491336985709231363
1411739838602636359316143668303154435812
2284243042131356487751392802001725358948
3695982880733992847067536470304879794760
5980225922865349334818929272306605153708
9676208803599342181886465742611484948469
1565643472646469151670539501491809010217
2533264353006403369859186075752957505064
4098907825652872521529725577244766515282
6632172178659275891388911652997724020347
1073108000431214841291863723024249053563
1736325218297142430430754888324021455597
2809433218728357271722618611348270509160
4545758437025499702153373499672291964758
7355191655753856973875992111020562473919
1190095009277935667602936561069285443867
1925614174853321364990535772171341691259
3115709184131257032593472333240627135127
5041323358984578397584008105411968826387
8157032543115835430177480438652595961514
1319835590210041382776148854406456478790
2135538844521624925793896898271716074941
3455374434731666308570045752678172553731
5590913279253291234363942650949888628673
9046287713984957542933988403628061182405
1463720099323824877729793105457794981107
2368348870722320632023191945820601099348
3832068970046145509752985051278396080456
6200417840768466141776176997098997179804
1003248681081461165152916204837739326026
1623290465158307779330533904547639044006
2626539146239768944483450109385378370032
4249829611398076723813984013933017414039
6876368757637845668297434123318395784071
1112619836903592239211141813725141319811
1800256712667376806040885226056980898218
2912876549570969045252027039782122218029
4713133262238345851292912265839103116247
7626009811809314896544939305621225334277
1233914307404766074783785157146032845052
1996515288585697564438279087708155378480
3230429595990463639222064244854188223532
5226944884576161203660343332562343602012
8457374480566624842882407577416531825545
1368431936514278604654275090997887542755
2214169384570941088942515848739540725310
3582601321085219693596790939737428268066
5796770705656160782539306788476968993376
9379372026741380476136097728214397261442
1517614273239754125867540451669136625481
2455551475913892173481150224490576351626
3973165749153646299348690676159712977108
6428717225067538472829840900650289328734
1040188297422118477217853157681000230584
1683060019928872324500837247746029163457
2723248317350990801718690405427029394041
4406308337279863126219527653173058557499
7129556654630853927938218058600087951541
1153586499191071705415774571177314650904
1866542164654157098209596377037323446058
3020128663845228803625370948214638096962
4886670828499385901834967325251961543020
7906799492344614705460338273466599639983
1279347032084400060729530559871856118300
2070026981318861531275564387218516082298
3349374013403261592005094947090372200599
5419400994722123123280659334308888282897
8768775008125384715285754281399260483496
1418817600284750783856641361570814876639
2295695101097289255385216789710740924989
3714512701382040039241858151281555801628
6010207802479329294627074940992296726617
9724720503861369333868933092273852528246
1573492830634069862849600803326614925486
2545964881020206796236494112554000178311
4119457711654276659086094915880615103797
6665422592674483455322589028434615282108
1078488030432876011440868394431523038590
1745030289700324356973127297274984566801
2823518320133200368413995691706507605392
4568548609833524725387122988981492172193
7392066929966725093801118680687999777585
1196061553980024981918824166966949194977
1935268246976697491298936035035749172736
3131329800956722473217760202002698367714
5066598047933419964516696237038447540450
8197927848890142437734456439041145908165
1326452589682356240225115267607959344861
2146245374571370483998560911512073935678
3472697964253726724223676179120033280539
5618943338825097208222237090632107216217
9091641303078823932445913269752140496757
1471058464190392114066815036038424771297
2380222594498274507311406363013638820973
3851281058688666621378221399052063592270
6231503653186941128689627762065702413244
1008278471187560775006784916111776600551
1631428836506254887875747692318346841875
2639707307693815662882532608430123442427
4271136144200070550758280300748470284303
6910843451893886213640812909178593726730
1118197959609395676439909320992706401103
1809282304798784297803990611910565773776
2927480264408179974243899932903272174879
4736762569206964272047890544813837948656
7664242833615144246291790477717110123536
1240100540282210851833968102253094807219
2006524823643725276463147150024805819572
3246625363925936128297115252277900626792
5253150187569661404760262402302706446365
8499775551495597533057377654580607073157
1375292573906525893781764005688331351952
2225270129056085647087501771146392059267
3600562702962611540869265776834723411220
5825832832018697187956767547981115470488
9426395534981308728826033324815838881708
1525222836700000591678280087279695435219
2467862390198131464560883419761279323390
3993085226898132056239163507040974758610
6460947617096263520800046926802254082000
1045403284399439557703921043384322884061
1691498046109065909783925736064548292261
2736901330508505467487846779448871176322
4428399376617571377271772515513419468583
7165300707126076844759619294962290644905
1159370008374364822203139181047571011348
1875900079086972506679101110543800075839
3035270087461337328882240291591371087188
4911170166548309835561341402135171163027
7946440254009647164443581693726542250216
1285761042055795700000492309586171341324
2080405067456760416444850478958825566346
3366166109512556116445342788544996907670
5446571176969316532890193267503822474016
8812737286481872649335536056048819381686
1425930846345118918222572932355264185570
2307204574993306183156126537960146123738
3733135421338425101378699470315410309309
6040339996331731284534826008275556433048
9773475417670156385913525478590966742357
1581381541400188767044835148686652317540
2558729083167204405636187696545748991776
4140110624567393172681022845232401309316
6698839707734597578317210541778150301093
1083895033230199075099823338701055161041
1753779004003658832931544392878870191150
2837674037233857908031367731579925352191
4591453041237516740962912124458795543341
7429127078471374648994279856038720895533
1202058011970889138995719198049751643887
1944970719818026603895147183653623733440
3147028731788915742890866381703375377328
5091999451606942346786013565356999110769
8239028183395858089676879947060374488097
1333102763500280043646289351241737359886
2157005581839865852613977345947774808696
3490108345340145896260266697189512168583
5647113927180011748874244043137286977279
9137222272520157645134510740326799145862
1478433619970016939400875478346408612314
2392155847222032703914326552379088526900
3870589467192049643315202030725497139214
6262745314414082347229528583104585666115
1013333478160613199054473061383008280532
1639608009602021433777425919693466847144
2652941487762634632831898981076475127677
4292549497364656066609324900769941974821
6945490985127290699441223881846417102499
1123804048249194676605054878261635907732
1818353146761923746549177266446277617982
2942157195011118423154232144707913525714
4760510341773042169703409411154191143696
7702667536784160592857641555862104669410
1246317787855720276256105096701629581310
2016584541534136335541869252287840048251
3262902329389856611797974348989469629562
5279486870923992947339843601277309677814
8542389200313849559137817950266779307376
1382187607123784250647766155154408898519
2236426527155169206561547950181086829256
3618614134278953457209314105335495727775
5855040661434122663770862055516582557032
9473654795713076120980176160852078284808
1532869545714719878475103821636866084184
2480235025286027490573121437722073912664
4013104571000747369048225259358939996848
6493339596286774859621346697081013909513
1050644416728752222866957195643995390636
1699978376357429708829091865352096781587
2750622793086181931696049060996092172223
4450601169443611640525140926348188953811
7201223962529793572221189987344281126035
1165182513197340521274633091369247007984
1885304909450319878496752090103675120588
3050487422647660399771385181472922128572
4935792332097980278268137271576597249161
7986279754745640678039522453049519377734
1292207208684362095630765972462611662689
2090835184158926163434718217767563600462
3383042392843288259065484190230175263152
5473877577002214422500202407997738863615
8856919969845502681565686598227914126768
1433079754684771710406588900622565299038
2318771751669321978563157560445356711715
3751851506354093688969746461067922010753
6070623258023415667532904021513278722468
9822474764377509356502650482581200733222
1589309802240092502403555450409447945569
2571557278677843438053820498667568018891
4160867080917935940457375949077015964460
6732424359595779378511196447744583983351
1089329144051371531896857239682159994781
1762571580010949469747976884456618393116
2851900724062321001644834124138778387897
4614472304073270471392811008595396781013
7466373028135591473037645132734175168911
1208084533220886194443045614132957194992
1954721836034445341746810127406374711883
3162806369255331536189855741539331906876
5117528205289776877936665868945706618759
8280334574545108414126521610485038525636
1339786277983488529206318747943074514439
2167819735437999370618970908991578367003
3507606013421487899825289656934652881442
5675425748859487270444260565926231248446
9183031762280975170269550222860884129888
1485845751114046244071381078878711537833
2404148927342143761098336101164799950822
3889994678456190005169717180043511488655
6294143605798333766268053281208311439478
1018413828425452377143777046125182292813
1647828189005285753770582374246013436761
2666242017430738130914359420371195729574
4314070206436023884684941794617209166335
6980312223866762015599301214988404895910
1129438243030278590028424300960561406224
1827469465416954791588354422459401895815
2956907708447233381616778723419963302040
4784377173864188173205133145879365197856
7741284882311421554821911869299328499896
1252566205617560972802704501517869369775
2026694693848703128284895688447802219764
3279260899466264101087600189965671589540
5305955593314967229372495878413473809305
8585216492781231330460096068379145398845
1389117208609619855983259194679261920815
2247638857887742989029268801517176460699
3636756066497362845012527996196438381514
5884394924385105834041796797713614842214
9521150990882468679054324793910053223728
1540554591526757451309612159162366806594
2492669690615004319215044638553372128967
4033224282141761770524656797715738935561
6525893972756766089739701436269111064528
1055911825489852786026435823398485000008
1708501222765529395000405967025396106461
2764413048255382181026841790423881106470
4472914271020911576027247757449277212932
7237327319276293757054089547873158319403
1171024159029720533308133730532243553233
1894756890957349909013542685319559385173
3065781049987070442321676415851802938407
4960537940944420351335219101171362323581
8026318990931490793656895517023165261989
1298685693187591114499211461819452758557
2101317592280740193864901013521769284755
3400003285468331308364112475341222043313
5501320877749071502229013488862991328069
8901324163217402810593125964204213371382
1440264504096647431282213945306720469945
2330396920418387712341526541727141807083
3770661424515035143623740487033862277028
6101058344933422855965267028761004084111
9871719769448457999589007515794866361140
1597277811438188085555427454455587044525
2584449788383033885514328206035073680639
4181727599821221971069755660490660725164
6766177388204255856584083866525734405803
1094790498802547782765383952701639513096
1771408237622973368423792339354212953677
2866198736425521151189176292055852466773
4637606974048494519612968631410065420451
7503805710474015670802144923465917887225
1214141268452251019041511355487598330767
1964521839499652586121725847834190119490
3178663107951903605163237203321788450257
5143184947451556191284963051155978569747
8321848055403459796448200254477767020005
1346503300285501598773316330563374558975
2178688105825847578418136356011151260975
3525191406111349177191452686574525819951
5703879511937196755609589042585677080927
9229070918048545932801041729160202900878
1493295042998574268841063077174587998180
2416202134803428862121167250090608288268
3909497177802003130962230327265196286449
6325699312605431993083397577355804574717
1023519649040743512404562790462100086116
1656089580301286711712902548197680543588
2679609229342030224117465338659780629705
4335698809643316935830367886857461173293
7015308038985347159947833225517241802998
1135100684862866409577820111237470297629
1836631488761401125572603433789194477929
2971732173624267535150423545026664775558
4808363662385668660723026978815859253487
7780095836009936195873450523842524029045
1258845949839560485659647750265838328253
2036855533440554105246992802650090731157
3295701483280114590906640552915929059411
5332557016720668696153633355566019790568
8628258500000783287060273908481948849979
1396081551672145198321390726404796864054
2258907401672223527027418117252991749052
3654988953344368725348808843657788613107
5913896355016592252376226960910780362160
9568885308360960977725035804568568975268
1548278166337755323010126276547934933742
2505166697173851420782629857004791831269
4053444863511606743792756133552726765012
6558611560685458164575385990557518596282
1061205642419706490836814212411024536129
1717066798488252307294352811466776395757
2778272440907958798131167023877800931887
4495339239396211105425519835344577327645
7273611680304169903556686859222378259532
1176895091970038100898220669456695558717
1904256260000455091253889355378933384670
3081151351970493192152110024835628943388
4985407611970948283405999380214562328059
8066558963941441475558109405050191271448
1305196657591238975896410878526475359950
2111852553985383123452221819031494487095
3417049211576622099348632697557969847046
5528901765562005222800854516589464334142
8945950977138627322149487214147434181188
1447485274270063254495034173073689851533
2342080371983925986709982894488433269651
3789565646253989241205017067562123121184
6131646018237915227914999962050556390836
9921211664491904469120017029612679512021
1605285768272981969703501699166323590285
2597406934722172416615503402127591541488
4202692702995154386319005101293915131773

