100
50 51 0
50 53 0
50 57 0
50 59 0
50 61 0
50 63 0
50 67 0
50 69 0
50 71 0
50 73 0
50 77 0
50 79 0
50 81 0
50 83 0
50 87 0
50 89 0
50 91 0
50 93 0
50 97 0
50 99 0
50 101 0
50 103 0
50 107 0
50 109 0
50 111 0
50 113 0
50 117 0
50 119 0
50 121 0
50 123 0
50 127 0
50 129 0
50 131 0
50 133 0
50 137 0
50 139 0
50 141 0
50 143 0
50 147 0
50 149 0
50 151 0
50 153 0
50 157 0
50 159 0
50 161 0
50 163 0
50 167 0
50 169 0
50 171 0
50 173 0
50 177 0
50 179 0
50 181 0
50 183 0
50 187 0
50 189 0
50 191 0
50 193 0
50 197 0
50 199 0
50 201 0
50 203 0
50 207 0
50 209 0
50 211 0
50 213 0
50 217 0
50 219 0
50 221 0
50 223 0
50 227 0
50 229 0
50 231 0
50 233 0
50 237 0
50 239 0
50 241 0
50 243 0
50 247 0
50 249 0
50 251 0
50 253 0
50 257 0
50 259 0
50 261 0
50 263 0
50 267 0
50 269 0
50 271 0
50 273 0
50 277 0
50 279 0
50 281 0
50 283 0
50 287 0
50 289 0
50 291 0
50 293 0
50 297 0
50 299 0

