1
0
1
1
1
0
0
1
0
1
2
1
2
2
0
0
0
1
0
1
4
5
0
4
4
5
1
5
5
5
0
0
0
0
1
0
0
2
5
6
0
2
8
11
12
0
5
11
11
12
1
6
12
12
12
0
0
0
0
0
1
0
0
1
7
12
13
0
1
7
28
33
34
0
7
28
28
33
34
0
12
33
33
33
34
1
13
34
34
34
34
0
0
0
0
0
0
1
0
0
0
2
12
17
18
0
0
7
39
74
79
80
0
2
39
57
92
97
98
0
12
74
92
92
97
98
0
17
79
97
97
97
98
1
18
80
98
98
98
98
0
0
0
0
0
0
0
1
0
0
0
1
11
29
36
37
0
0
3
51
133
186
193
194
0
1
51
112
255
308
315
316
0
11
133
255
255
308
315
316
0
29
186
308
308
308
315
316
0
36
193
315
315
315
315
316
1
37
194
316
316
316
316
316
0
0
0
0
0
0
0
0
1
0
0
0
0
3
21
46
53
54
0
0
1
33
187
339
413
420
421
0
0
33
137
578
827
901
908
909
0
3
187
578
651
900
974
981
982
0
21
339
827
900
900
974
981
982
0
46
413
901
974
974
974
981
982
0
53
420
908
981
981
981
981
982
1
54
421
909
982
982
982
982
982
0
0
0
0
0
0
0
0
0
1
0
0
0
0
1
16
59
96
105
106
0
0
0
20
184
560
839
939
948
949
0
0
20
174
1110
2124
2558
2658
2667
2668
0
1
184
1110
1528
2782
3216
3316
3325
3326
0
16
560
2124
2782
2782
3216
3316
3325
3326
0
59
839
2558
3216
3216
3216
3316
3325
3326
0
96
939
2658
3316
3316
3316
3316
3325
3326
0
105
948
2667
3325
3325
3325
3325
3325
3326
1
106
949
2668
3326
3326
3326
3326
3326
3326
