1
0
1
1
1
0
0
1
0
1
2
1
2
2
0
0
0
1
0
1
4
5
0
4
4
5
1
5
5
5
0
0
0
0
1
0
0
2
5
6
0
2
8
11
12
0
5
11
11
12
1
6
12
12
12
0
0
0
0
0
1
0
0
1
7
12
13
0
1
7
28
33
34
0
7
28
28
33
34
0
12
33
33
33
34
1
13
34
34
34
34
0
0
0
0
0
0
1
0
0
0
2
12
17
18
0
0
7
39
74
79
80
0
2
39
57
92
97
98
0
12
74
92
92
97
98
0
17
79
97
97
97
98
1
18
80
98
98
98
98
0
0
0
0
0
0
0
1
0
0
0
1
11
29
36
37
0
0
3
51
133
186
193
194
0
1
51
111
254
307
314
315
0
11
133
254
254
307
314
315
0
29
186
307
307
307
314
315
0
36
193
314
314
314
314
315
1
37
194
315
315
315
315
315
0
0
0
0
0
0
0
0
1
0
0
0
0
3
21
46
53
54
0
0
1
33
187
339
413
420
421
0
0
33
137
577
826
900
907
908
0
3
187
577
650
899
973
980
981
0
21
339
826
899
899
973
980
981
0
46
413
900
973
973
973
980
981
0
53
420
907
980
980
980
980
981
1
54
421
908
981
981
981
981
981
0
0
0
0
0
0
0
0
0
1
0
0
0
0
1
16
59
96
105
106
0
0
0
20
184
560
840
940
949
950
0
0
20
174
1109
2120
2555
2655
2664
2665
0
1
184
1109
1523
2774
3209
3309
3318
3319
0
16
560
2120
2774
2774
3209
3309
3318
3319
0
59
840
2555
3209
3209
3209
3309
3318
3319
0
96
940
2655
3309
3309
3309
3309
3318
3319
0
105
949
2664
3318
3318
3318
3318
3318
3319
1
106
950
2665
3319
3319
3319
3319
3319
3319
