1
0
1
0
1
0
0
1
0
1
2
0
1
2
0
0
0
1
0
1
4
5
0
1
4
5
0
1
4
5
0
0
0
0
1
0
0
2
5
6
0
0
8
11
12
0
0
8
11
12
0
0
8
11
12
0
0
0
0
0
1
0
0
1
7
12
13
0
0
7
28
33
34
0
0
7
28
33
34
0
0
7
28
33
34
0
0
7
28
33
34
0
0
0
0
0
0
1
0
0
0
2
12
17
18
0
0
7
39
74
79
80
0
0
7
57
92
97
98
0
0
7
57
92
97
98
0
0
7
57
92
97
98
0
0
7
57
92
97
98
0
0
0
0
0
0
0
1
0
0
0
1
11
29
36
37
0
0
3
51
133
186
193
194
0
0
3
111
254
307
314
315
0
0
3
111
254
307
314
315
0
0
3
111
254
307
314
315
0
0
3
111
254
307
314
315
0
0
3
111
254
307
314
315
0
0
0
0
0
0
0
0
1
0
0
0
0
3
21
46
53
54
0
0
1
33
187
339
413
420
421
0
0
1
137
577
826
900
907
908
0
0
1
137
650
899
973
980
981
0
0
1
137
650
899
973
980
981
0
0
1
137
650
899
973
980
981
0
0
1
137
650
899
973
980
981
0
0
1
137
650
899
973
980
981
0
0
0
0
0
0
0
0
0
1
0
0
0
0
1
16
59
96
105
106
0
0
0
20
184
560
840
940
949
950
0
0
0
174
1109
2120
2555
2655
2664
2665
0
0
0
174
1523
2774
3209
3309
3318
3319
0
0
0
174
1523
2774
3209
3309
3318
3319
0
0
0
174
1523
2774
3209
3309
3318
3319
0
0
0
174
1523
2774
3209
3309
3318
3319
0
0
0
174
1523
2774
3209
3309
3318
3319
0
0
0
174
1523
2774
3209
3309
3318
3319
