Layout #1:


   5   4   3   6   5   3   4   6
   0   6   0   1   2   3   1   1
   3   2   6   5   0   4   2   0
   5   3   6   2   3   2   0   6
   4   0   4   1   0   0   4   1
   5   2   2   4   4   1   6   5
   5   5   3   6   1   2   3   1

Maps resulting from layout #1 are:


   6  20  20  27  27  19  25  25
   6  18   2   2   3  19   8   8
  21  18  28  17   3  16  16   7
  21   4  28  17  15  15   5   7
  24   4  11  11   1   1   5  12
  24  14  14  23  23  13  13  12
  26  26  22  22   9   9  10  10


There are 1 solution(s) for layout #1.
