5 8 6 2 7 1 4 3 
1 2 
2 3 5 7 8 11 12 14 6 9 10 13 1 4 15 
3 2 5 1 4 
1 5 8 2 3 6 7 4 
1 3 7 8 10 4 5 6 9 2 
1 3 4 5 6 7 9 11 12 13 14 15 16 19 20 2 8 17 18 10 
1 2 4 5 6 7 8 9 10 11 12 13 14 16 17 19 21 3 15 18 20 
3 1 2 
1 2 4 5 7 3 6 
2 5 8 9 10 13 14 15 1 3 4 6 11 12 16 7 
2 3 4 5 8 10 11 12 1 7 9 13 14 6 
1 3 4 5 2 
1 3 4 2 
7 8 10 12 1 9 5 2 4 6 3 11 
1 2 3 7 8 10 11 12 13 14 15 17 18 4 5 6 9 16 
1 2 3 
1 5 6 8 12 13 14 16 2 11 15 17 7 9 10 3 4 
1 3 4 6 7 8 9 2 5 10 12 11 
2 3 4 5 6 7 8 9 10 12 13 14 15 16 17 18 19 1 11 
2 4 5 6 10 13 1 7 9 12 3 8 11 
2 3 8 10 11 12 14 1 5 9 13 4 6 15 7 
5 6 7 10 13 2 11 12 4 8 3 9 1 
8 2 6 3 5 9 10 1 4 7 11 
4 5 6 8 1 2 7 3 
1 4 6 8 10 12 14 15 16 17 3 5 7 9 11 13 2 
4 3 1 2 
1 2 
2 3 7 9 11 16 4 5 8 12 13 15 6 10 14 1 
2 4 6 11 14 3 5 9 15 1 8 7 10 12 13 
1 4 6 8 11 12 17 5 10 13 14 18 2 3 7 9 16 19 15 
1 3 6 8 10 11 12 13 16 17 18 19 20 2 7 14 15 21 4 5 9 
2 3 5 1 6 9 4 7 8 
1 2 5 6 3 4 7 
1 2 3 4 5 6 8 9 10 11 12 13 14 15 16 18 20 7 17 19 
1 7 8 2 6 5 3 4 9 10 
2 6 7 9 10 13 5 8 11 15 1 3 4 14 12 
8 11 12 4 7 10 2 3 5 1 9 6 
1 2 3 4 5 6 7 8 9 10 11 12 13 
1 2 3 
1 2 6 4 5 3 
1 12 13 9 2 4 5 3 7 8 10 11 6 14 
7 8 12 13 15 17 1 3 5 6 10 2 9 11 14 4 16 
8 2 1 4 6 7 3 5 
2 11 15 8 12 14 18 4 5 13 16 9 10 17 6 7 1 3 
7 8 11 3 5 10 2 9 6 1 4 12 
1 3 2 
8 6 3 4 10 5 9 2 11 1 7 
2 3 7 8 11 6 10 13 1 4 15 20 9 12 14 17 16 18 5 19 
2 3 4 5 1 6 7 
4 5 6 12 1 3 7 8 9 11 2 13 10 
2 1 3 
1 2 3 4 5 6 7 8 9 11 12 13 14 10 
4 6 8 10 5 12 1 3 11 9 2 7 
2 3 4 9 16 17 20 5 6 14 15 19 1 8 11 13 7 10 12 18 
3 7 10 13 15 16 17 5 11 14 2 6 8 4 9 12 1 
1 2 3 5 4 
1 2 4 5 7 6 3 
1 2 5 3 4 7 6 8 
2 3 4 5 8 9 10 11 12 13 14 17 18 19 21 1 6 7 15 16 20 
1 5 2 4 6 3 
1 4 3 2 
2 3 4 6 9 10 11 15 16 20 21 5 12 17 19 1 8 13 14 7 18 
1 3 4 6 8 9 10 12 13 14 2 5 11 7 
1 2 3 6 4 5 7 8 
4 5 8 9 10 11 13 14 15 16 18 3 7 12 17 19 20 1 2 6 
1 2 3 4 6 5 
3 5 8 10 16 4 9 12 15 6 11 13 14 1 7 17 2 
1 2 3 4 6 8 11 5 7 9 10 12 
3 11 6 10 1 2 4 5 7 9 8 
1 3 4 5 8 11 12 16 17 18 19 2 6 10 13 15 20 7 9 14 
1 5 2 4 3 
5 2 4 1 3 
3 4 8 9 1 12 13 6 7 10 2 11 5 
3 4 5 6 7 10 1 8 9 11 2 12 13 
1 3 4 5 7 9 11 12 13 14 15 17 8 10 16 18 2 6 19 
3 5 6 7 9 11 12 13 18 19 20 4 8 14 15 16 17 21 1 2 10 
2 3 7 8 12 13 17 1 9 15 16 19 21 4 10 11 14 18 5 6 20 
3 5 7 4 6 1 2 
3 2 1 
2 6 1 5 4 3 
5 7 8 9 11 12 16 17 18 19 20 1 3 4 6 10 13 15 2 14 
2 1 
6 9 1 2 4 5 3 7 10 8 
1 2 3 4 5 6 7 8 9 10 11 
1 2 3 6 9 10 11 13 4 7 12 5 8 
4 6 5 9 1 3 7 8 2 
3 4 5 6 1 2 7 
2 3 4 5 6 7 8 9 10 11 13 14 15 16 18 20 12 17 19 1 
1 3 4 5 7 8 9 10 11 12 13 2 6 
3 5 1 8 4 9 10 2 6 7 
1 3 4 5 8 9 10 11 12 14 15 16 17 2 6 7 13 18 19 
3 1 7 4 6 2 5 
1 5 6 7 9 10 15 18 3 4 11 12 14 17 2 8 13 16 
4 6 5 7 2 3 8 9 10 1 
1 2 5 6 7 8 9 10 12 18 3 11 13 14 16 4 15 17 
1 2 3 4 5 6 7 10 12 13 14 8 9 11 
3 12 1 2 10 11 6 4 8 5 7 9 
4 8 9 11 12 17 18 19 1 2 5 6 13 15 20 10 14 3 7 16 
1 4 6 5 2 3 
