5
14
20
14
21
13
21
15
18
13
16
19
21
17
21
21
20
21
21
19
21
21
6
21
21
21
12
21
6
21
19
21
21
8
18
21
13
15
21
13
9
21
21
16
16
21
21
6
14
19
21
21
21
14
21
10
21
18
21
14
12
16
18
19
18
21
13
20
14
21
21
21
21
21
11
21
21
11
21
21
21
21
11
21
12
21
21
21
21
21
21
21
16
16
13
21
12
21
16
7
21
21
21
21
4
2
13
21
19
21
17
10
21
21
12
21
5
19
21
16
15
18
21
21
19
11
19
19
12
17
8
21
21
8
20
21
11
17
21
21
21
6
21
21
17
21
15
15
12
21
20
11
9
15
18
21
9
16
11
13
19
21
20
18
21
21
20
12
18
8
21
21
11
7
21
21
21
17
15
21
21
21
21
21
21
17
17
2
21
11
21
21
21
15
7
17
21
9
20
12
21
2
18
20
21
21
15
12
21
21
21
21
21
19
21
21
8
21
21
12
21
21
20
9
18
21
21
2
21
16
14
9
6
21
21
21
21
21
21
21
2
21
21
21
21
21
13
21
10
4
11
21
21
21
21
21
21
21
16
15
10
17
10
15
21
21
21
13
21
21
21
21
21
19
21
12
16
21
19
21
21
20
21
21
20
7
21
20
21
19
21
19
13
21
17
10
21
17
21
21
21
21
21
18
21
21
21
21
3
21
21
21
21
19
21
17
21
21
15
21
8
20
21
21
21
5
10
19
18
10
19
21
4
21
20
18
9
16
21
21
21
18
18
17
21
21
21
21
7
21
21
14
18
6
16
16
11
21
14
21
13
21
6
21
21
0
19
18
21
21
21
21
20
21
16
2
10
15
18
17
21
21
21
18
21
21
19
14
21
12
16
12
7
20
14
20
21
21
21
21
21
21
21
21
21
9
21
16
21
21
21
21
14
16
21
10
21
21
18
20
21
20
18
21
10
21
16
21
3
21
18
21
21
10
21
21
12
14
11
2
21
21
5
16
21
21
18
21
9
6
21
4
0
21
21
21
21
21
8
5
21
11
19
10
21
1
17
4
18
8
11
20
21
21
15
20
9
21
11
6
19
10
21
6
9
9
21
20
21
18
21
21
14
7
20
19
11
17
21
18
4
21
12
21
21
21
18
8
8
16
21
21
21
19
14
21
14
17
21
13
21
21
20
21
21
21
19
17
21
13
18
19
21
15
19
11
11
19
21
21
21
21
18
21
20
21
21
21
17
5
12
21
12
21
18
12
21
21
21
21
15
18
8
21
19
19
19
21
21
21
17
4
18
21
3
21
21
20
21
10
20
3
16
14
21
17
13
21
18
21
21
21
11
4
20
20
14
20
21
21
5
21
17
13
9
17
15
21
20
11
21
18
19
6
16
21
12
14
21
18
3
21
21
21
21
6
1
20
15
20
14
8
6
21
21
11
11
7
5
5
21
21
16
13
21
21
21
21
21
21
21
21
17
16
13
21
21
21
19
17
12
2
21
21
21
21
10
20
13
19
21
4
7
21
21
3
12
21
21
21
21
21
19
21
10
19
14
9
21
21
21
18
21
20
21
21
11
21
21
21
12
21
21
8
17
7
19
8
21
11
8
21
3
21
21
2
21
13
21
21
14
21
15
21
21
21
18
15
14
11
21
8
18
9
21
21
21
7
21
10
14
13
4
18
21
21
21
21
14
13
21
17
21
21
21
21
18
14
12
12
9
15
3
9
18
18
21
21
21
10
21
3
11
16
21
21
21
15
21
21
7
21
6
21
8
21
1
21
21
16
21
21
2
6
21
20
21
21
5
21
21
18
21
21
11
13
21
21
21
12
17
10
12
21
21
21
19
21
17
5
21
19
12
21
6
21
21
17
18
20
21
21
14
18
14
8
14
18
21
17
17
21
21
17
21
18
19
21
14
19
16
21
12
21
12
21
21
4
21
21
0
21
21
21
17
20
6
21
12
21
21
19
11
0
21
21
21
21
21
21
13
15
21
11
21
21
14
12
17
21
18
18
13
21
21
19
21
11
21
16
21
14
21
21
16
21
21
8
21
21
13
16
21
2
16
18
2
5
13
17
18
21
21
21
21
20
21
21
21
19
4
18
11
3
21
16
17
14
21
17
8
12
21
13
7
21
21
13
21
9
5
21
18
17
9
21
13
21
15
10
16
4
12
14
9
12
6
17
20
19
17
10
18
21
16
21
21
21
21
12
17
21
21
18
21
8
21
9
14
14
21
14
11
21
15
21
21
21
21
21
