Case 1: -1

Case 2: 1
14 13

Case 3: 4
13 5
5 3
3 14
14 7

Case 4: 5
7 10
11 7
7 2
2 13
13 8

Case 5: -1

Case 6: 5
7 11
4 7
11 1
7 11
11 10

Case 7: 1
5 10

Case 8: 4
3 11
11 1
1 5
5 9

Case 9: 1
7 4

Case 10: 14
4 2
2 14
5 10
9 2
6 9
9 12
10 4
13 7
14 13
2 14
4 2
2 9
9 6
6 15

Case 11: 3
3 4
4 7
7 12

Case 12: 1
4 13

Case 13: 16
3 4
1 3
4 7
3 4
5 8
8 3
3 1
4 3
3 8
7 4
4 3
8 5
3 8
1 3
3 4
4 7

Case 14: 5
1 3
4 1
6 7
7 4
4 2

Case 15: 2
2 1
1 5

Case 16: 1
5 4

Case 17: 3
1 11
8 1
1 7

Case 18: 6
2 4
6 7
1 6
9 2
6 9
9 8

Case 19: 1
3 2

Case 20: -1

Case 21: 1
8 6

Case 22: -1

Case 23: 2
3 9
9 5

Case 24: 6
2 11
11 1
12 11
11 2
2 3
3 10

Case 25: 2
2 1
1 3

Case 26: 19
1 11
3 2
4 9
6 1
2 6
10 4
4 7
7 2
2 3
6 2
1 6
2 7
6 2
7 4
2 7
3 2
2 6
6 1
1 12

Case 27: 3
1 2
3 1
1 4

Case 28: -1

Case 29: 1
7 6

Case 30: 8
2 3
11 2
2 5
13 11
7 13
11 2
13 11
11 8

Case 31: 8
2 5
7 9
4 7
6 4
7 10
4 7
7 2
2 11

Case 32: 1
2 7

Case 33: 1
8 3

Case 34: 26
1 9
2 1
3 2
2 4
5 3
3 2
6 3
3 5
2 3
3 6
4 2
2 3
6 8
3 6
5 3
3 2
2 4
1 2
2 3
3 5
9 1
1 2
2 3
4 2
2 1
1 9

Case 35: -1

Case 36: 4
14 13
13 6
6 5
5 8

Case 37: 2
6 14
14 8

Case 38: 1
6 2

Case 39: 6
6 1
2 6
6 5
4 6
6 2
2 9

Case 40: 2
3 1
1 4

Case 41: 1
4 2

Case 42: 2
3 4
4 2

Case 43: 3
8 10
7 8
8 1

Case 44: 3
10 1
5 10
10 15

Case 45: 1
12 7

Case 46: 4
1 3
3 7
5 1
1 3

Case 47: -1

Case 48: 4
14 1
1 12
8 14
14 1

Case 49: 1
2 7

Case 50: 1
4 9

Case 51: 1
8 6

Case 52: 12
3 8
4 3
7 5
6 7
8 11
7 8
11 2
8 11
3 8
8 7
7 6
6 1

Case 53: 1
4 5

Case 54: 3
4 1
1 3
3 2

Case 55: 2
2 8
8 9

Case 56: 1
13 5

Case 57: 2
3 9
9 12

Case 58: 1
1 5

Case 59: 1
2 8

Case 60: 4
5 12
12 10
10 6
6 13

Case 61: 8
1 12
9 3
11 1
4 11
12 9
1 12
11 1
1 15

Case 62: 1
5 2

Case 63: 1
6 12

Case 64: -1

Case 65: 1
2 3

Case 66: 7
5 8
13 5
1 13
10 1
13 7
1 13
13 12

Case 67: 2
11 4
4 5

Case 68: 2
5 1
1 6

Case 69: 1
5 6

Case 70: 3
4 1
1 2
2 3

Case 71: 1
5 11

Case 72: 8
3 7
5 6
6 3
8 2
2 9
3 2
2 8
8 4

Case 73: 2
4 3
3 6

Case 74: 1
6 2

Case 75: 2
5 1
1 8

Case 76: 4
11 5
5 12
12 4
4 2

Case 77: 3
6 5
5 1
1 3

Case 78: 3
4 6
6 5
5 3

Case 79: -1

Case 80: 4
5 7
6 5
7 1
5 7

Case 81: 2
1 5
5 4

Case 82: 1
3 4

Case 83: -1

Case 84: -1

Case 85: 2
1 5
5 2

Case 86: 2
8 9
9 3

Case 87: 1
6 2

Case 88: 4
3 5
5 6
6 1
1 4

Case 89: -1

Case 90: 2
10 7
7 13

Case 91: 8
5 10
10 11
11 3
3 6
6 8
8 7
7 12
12 9

Case 92: -1

Case 93: 2
10 6
6 4

Case 94: 7
11 2
2 9
15 11
11 2
10 11
11 15
15 1

Case 95: 8
12 8
2 12
8 10
12 8
8 5
5 4
4 9
9 3

Case 96: 2
8 2
2 9

Case 97: 1
2 5

Case 98: -1

Case 99: 1
6 1

Case 100: 1
9 2

Case 101: 2
8 3
3 7

Case 102: 1
5 1

Case 103: 2
10 6
6 3

Case 104: 1
4 3

Case 105: 1
3 2

Case 106: -1

Case 107: 9
4 1
8 4
3 8
4 2
6 3
8 7
3 8
8 4
4 5

Case 108: 4
5 2
2 7
3 5
5 2

Case 109: 2
3 8
8 15

Case 110: -1

Case 111: 2
9 1
1 7

Case 112: -1

Case 113: 2
2 1
1 6

Case 114: 3
3 8
2 3
3 4

Case 115: 5
7 6
6 4
4 10
10 3
3 5

Case 116: 1
6 12

Case 117: 13
2 7
5 2
6 3
2 6
10 5
5 2
13 11
7 13
2 7
6 2
2 5
5 10
10 12

Case 118: 3
8 1
1 9
9 7

Case 119: 10
10 9
8 10
9 7
10 9
12 5
5 3
3 6
9 12
12 5
5 3

Case 120: 2
7 4
4 9

Case 121: -1

Case 122: 1
7 8

Case 123: 4
7 10
11 4
4 7
7 12

Case 124: -1

Case 125: -1

Case 126: 2
7 3
3 1

Case 127: 5
3 4
4 9
9 2
2 6
6 1

Case 128: -1

Case 129: -1

Case 130: 5
3 13
13 9
9 10
10 1
1 4

Case 131: 4
7 2
2 14
14 6
6 13

Case 132: 1
8 2

Case 133: 4
1 10
3 1
1 4
4 5

Case 134: 2
5 3
3 6

Case 135: 6
3 6
6 5
9 4
10 9
9 3
3 6

Case 136: 1
11 10

Case 137: 2
5 9
9 6

Case 138: -1

Case 139: 1
7 2

Case 140: 3
5 9
11 5
5 1

Case 141: 2
5 7
7 3

Case 142: 4
9 10
5 9
6 5
5 2

Case 143: 1
2 3

Case 144: -1

Case 145: 4
7 3
6 7
7 2
2 4

Case 146: 7
3 1
1 4
4 5
8 4
4 1
1 3
3 7

Case 147: 3
8 1
1 5
5 10

Case 148: 1
3 7

Case 149: 1
6 1

Case 150: 1
5 1

Case 151: 4
14 2
2 10
10 11
11 12

Case 152: 4
4 1
1 9
6 4
4 1

Case 153: 8
3 5
4 11
5 7
10 6
11 10
10 3
3 5
5 13

Case 154: 9
2 8
7 9
8 3
3 5
9 4
4 3
3 8
8 2
2 1

Case 155: 12
4 9
1 4
6 13
7 14
4 7
10 2
13 10
10 8
8 4
4 1
1 11
11 5

Case 156: 1
14 2

Case 157: 7
1 2
2 13
10 14
4 10
15 4
13 15
15 7

Case 158: -1

Case 159: -1

Case 160: 9
7 6
4 7
7 10
9 4
4 7
12 11
7 12
11 3
12 11

Case 161: 4
5 4
4 2
10 5
5 4

Case 162: 3
4 2
2 1
1 6

Case 163: -1

Case 164: 2
3 4
4 2

Case 165: 11
1 4
3 5
7 9
2 7
9 3
7 9
9 10
4 9
9 7
7 2
2 6

Case 166: 4
7 2
2 3
3 8
8 4

Case 167: 1
2 10

Case 168: 1
2 10

Case 169: 3
6 8
8 11
11 9

Case 170: 1
6 13

Case 171: -1

Case 172: 4
1 4
2 1
1 5
5 3

Case 173: 4
3 5
1 3
5 8
3 5

Case 174: 7
7 2
12 11
3 12
4 3
3 6
6 7
7 13

Case 175: 2
2 3
3 1

Case 176: 1
1 2

Case 177: 2
1 3
3 6

Case 178: 3
1 8
6 1
1 7

Case 179: 5
7 3
3 4
4 6
6 11
11 13

Case 180: 2
5 6
6 1

Case 181: 3
9 1
1 8
8 7

Case 182: 3
11 4
4 10
10 8

Case 183: 8
7 4
1 7
7 13
9 1
1 7
15 10
7 15
15 14

Case 184: 4
8 6
6 3
3 4
4 7

Case 185: -1

Case 186: 5
3 7
6 3
7 2
3 7
7 1

Case 187: 7
1 13
2 1
9 3
3 14
1 3
3 9
9 11

Case 188: -1

Case 189: -1

Case 190: 1
4 2

Case 191: 42
1 9
2 5
6 1
9 4
1 9
14 6
6 1
11 14
14 6
6 2
12 14
10 12
14 6
12 14
14 11
6 14
2 6
14 12
6 14
12 10
14 12
11 14
14 6
6 2
1 6
3 1
6 14
1 6
14 11
6 14
2 6
6 1
1 3
9 1
1 6
4 9
6 2
9 1
1 6
3 1
1 9
9 4

Case 192: 4
9 4
6 9
9 10
10 8

Case 193: 1
2 4

Case 194: 3
9 2
2 8
8 3

Case 195: 1
10 3

Case 196: 1
2 6

Case 197: 11
6 3
3 8
5 6
6 11
7 10
10 1
1 3
3 6
6 5
5 12
12 13

Case 198: -1

Case 199: 3
8 4
5 8
8 9

Case 200: 4
6 5
7 6
6 2
2 8

Case 201: 4
4 2
2 1
1 6
6 9

Case 202: 1
6 3

Case 203: 1
3 4

Case 204: 1
5 2

Case 205: 1
9 12

Case 206: 2
4 1
1 10

Case 207: 4
10 6
6 2
2 1
1 5

Case 208: 1
7 1

Case 209: 16
2 1
5 2
2 4
1 2
2 5
5 9
3 5
5 2
2 1
6 3
3 5
5 2
9 5
5 3
3 6
6 7

Case 210: 5
9 2
2 8
8 12
12 10
10 5

Case 211: 20
9 3
3 6
10 13
14 10
12 14
5 12
7 5
14 9
9 3
12 14
5 12
14 9
9 4
12 14
14 9
10 14
14 12
12 5
5 7
7 11

Case 212: 1
6 7

Case 213: 3
6 5
5 2
2 4

Case 214: -1

Case 215: 6
3 6
9 12
12 3
3 1
1 5
5 11

Case 216: -1

Case 217: -1

Case 218: 2
6 3
3 7

Case 219: 2
3 2
2 1

Case 220: -1

Case 221: 7
3 5
8 4
4 7
11 1
7 11
11 3
3 9

Case 222: -1

Case 223: 4
1 5
2 1
5 3
1 5

Case 224: 1
8 7

Case 225: 1
9 3

Case 226: 1
1 4

Case 227: 2
5 9
9 8

Case 228: 7
6 2
1 6
2 7
6 2
9 6
6 1
1 3

Case 229: 2
2 5
5 6

Case 230: -1

Case 231: -1

Case 232: 6
5 2
11 8
8 1
2 8
8 11
11 4

Case 233: 3
3 5
2 3
3 4

Case 234: 4
1 5
9 3
3 1
1 8

Case 235: 3
10 2
2 3
3 7

Case 236: 1
7 12

Case 237: 1
4 1

Case 238: 1
6 2

Case 239: 3
4 2
5 4
4 1

Case 240: 6
5 4
4 7
6 1
1 3
7 6
6 1

Case 241: -1

Case 242: 1
12 4

Case 243: 2
6 4
4 7

Case 244: 1
12 5

Case 245: 4
10 3
4 10
6 4
4 8

Case 246: 3
2 7
9 2
2 5

Case 247: 1
6 8

Case 248: 2
4 1
1 3

Case 249: 1
1 4

Case 250: 6
1 5
2 1
13 2
2 9
9 6
6 12

Case 251: 1
2 6

Case 252: 1
9 10

Case 253: -1

Case 254: 1
5 3

Case 255: 2
5 9
9 3

Case 256: 2
3 4
4 2

Case 257: 8
9 12
13 4
4 7
7 6
12 7
7 4
4 13
13 8

Case 258: 1
13 11

Case 259: 3
2 7
9 2
2 11

Case 260: -1

Case 261: 7
1 6
7 10
11 1
1 8
10 11
11 1
1 3

Case 262: -1

Case 263: -1

Case 264: -1

Case 265: 2
3 12
12 5

Case 266: 1
3 1

Case 267: 2
5 4
4 1

Case 268: 4
8 1
1 6
4 8
8 1

Case 269: 3
9 11
11 4
4 12

Case 270: 1
3 4

Case 271: 3
3 8
8 6
6 9

Case 272: 2
5 4
4 1

Case 273: -1

Case 274: 2
4 3
3 5

Case 275: 1
10 3

Case 276: 2
9 8
8 6

Case 277: 1
2 4

Case 278: 1
1 3

Case 279: -1

Case 280: -1

Case 281: 4
15 1
13 15
15 6
6 5

Case 282: 1
6 5

Case 283: 1
1 4

Case 284: 2
5 7
7 1

Case 285: 1
15 4

Case 286: 13
8 7
4 8
7 3
8 9
11 12
10 11
13 7
5 13
7 10
13 7
7 8
8 4
4 1

Case 287: -1

Case 288: 1
7 8

Case 289: 3
1 4
4 8
8 5

Case 290: 4
5 6
9 11
11 5
5 8

Case 291: 3
5 10
10 2
2 3

Case 292: 1
2 4

Case 293: -1

Case 294: 2
2 5
5 4

Case 295: 4
2 4
4 7
6 2
2 4

Case 296: -1

Case 297: 2
13 1
1 6

Case 298: 5
4 5
6 4
7 2
4 7
7 9

Case 299: 2
12 10
10 1

Case 300: -1

Case 301: 4
7 2
2 1
1 6
6 4

Case 302: 3
1 3
4 1
1 2

Case 303: 1
3 6

Case 304: 1
7 2

Case 305: 5
7 5
9 2
6 9
9 7
7 8

Case 306: 5
2 6
4 2
7 3
2 7
7 5

Case 307: 2
8 10
10 6

Case 308: 1
5 1

Case 309: 6
7 10
10 9
9 6
6 8
8 1
1 5

Case 310: -1

Case 311: 1
9 4

Case 312: 1
4 1

Case 313: -1

Case 314: -1

Case 315: 2
4 2
2 3

Case 316: 3
1 4
6 1
1 8

Case 317: 29
1 3
7 8
8 6
9 7
7 8
11 9
3 11
9 7
11 9
10 11
11 3
3 1
9 11
2 9
11 3
9 11
11 10
3 11
11 9
9 2
7 9
8 7
9 11
7 9
11 3
9 11
2 9
9 7
7 8

Case 318: 2
6 2
2 7

Case 319: 3
6 8
8 7
7 14

Case 320: 1
4 11

Case 321: 1
3 4

Case 322: 1
10 7

Case 323: 1
3 2

Case 324: -1

Case 325: 1
7 14

Case 326: 1
6 3

Case 327: 29
6 11
8 6
7 8
13 10
1 13
3 1
15 2
13 15
1 13
8 1
1 3
13 1
1 8
8 7
10 13
13 1
1 8
3 1
1 13
13 10
15 13
2 15
13 1
1 3
15 13
13 1
10 13
13 15
15 2

Case 328: -1

Case 329: 1
1 3

Case 330: 1
2 5

Case 331: 2
2 3
3 6

Case 332: 3
1 3
3 4
4 2

Case 333: 9
2 3
8 4
1 8
4 7
7 6
6 2
8 4
4 7
7 6

Case 334: -1

Case 335: 3
3 2
2 1
1 4

Case 336: 4
3 8
6 1
1 3
3 5

Case 337: 1
1 6

Case 338: 2
2 8
8 6

Case 339: 7
5 3
3 1
10 5
5 3
3 8
8 7
7 9

Case 340: 1
7 10

Case 341: 2
6 1
1 5

Case 342: 1
3 4

Case 343: -1

Case 344: 9
5 1
8 7
1 8
7 4
8 7
7 2
2 6
6 3
3 9

Case 345: 4
4 3
9 4
1 9
9 11

Case 346: 1
4 5

Case 347: 3
1 5
5 4
4 3

Case 348: -1

Case 349: 1
5 2

Case 350: -1

Case 351: 1
5 3

Case 352: 18
1 8
2 4
3 11
9 2
2 13
8 9
9 2
2 3
13 2
2 9
9 8
12 13
13 2
2 9
3 2
2 13
13 12
12 5

Case 353: 5
8 5
5 9
9 1
1 11
11 3

Case 354: 1
1 4

Case 355: 1
1 9

Case 356: 1
3 4

Case 357: 3
12 9
9 7
7 13

Case 358: 4
8 11
11 12
12 9
9 3

Case 359: 3
3 8
5 3
3 4

Case 360: 2
4 5
5 2

Case 361: 1
1 4

Case 362: 2
5 6
6 3

Case 363: 2
2 7
7 5

Case 364: 1
6 2

Case 365: 6
12 2
5 12
8 5
12 6
5 12
12 1

Case 366: -1

Case 367: 1
1 3

Case 368: 3
7 4
4 6
6 2

Case 369: 1
4 1

Case 370: 1
5 8

Case 371: 1
1 3

Case 372: 7
9 1
10 6
11 12
12 10
10 9
9 5
5 8

Case 373: 13
4 5
5 1
8 4
4 5
5 9
2 5
7 8
8 4
4 6
5 4
4 8
8 7
7 11

Case 374: 1
5 1

Case 375: -1

Case 376: -1

Case 377: 5
6 2
8 5
10 8
8 6
6 1

Case 378: 3
5 3
3 1
1 4

Case 379: 1
1 2

Case 380: 16
8 2
9 8
1 9
8 5
9 8
6 9
9 1
8 9
5 8
9 6
6 4
8 9
9 6
1 9
9 8
8 5

Case 381: 3
2 9
9 4
4 6

Case 382: 2
8 1
1 11

Case 383: 3
14 1
1 5
5 12

Case 384: -1

Case 385: 1
8 2

Case 386: -1

Case 387: 1
3 4

Case 388: 4
9 8
8 14
14 11
11 5

Case 389: -1

Case 390: -1

Case 391: 3
1 2
2 8
8 7

Case 392: 1
2 8

Case 393: 6
1 4
8 2
9 1
11 8
1 11
11 5

Case 394: 2
1 5
5 2

Case 395: 1
5 2

Case 396: 3
6 2
3 6
6 1

Case 397: 3
13 1
10 13
13 11

Case 398: -1

Case 399: 1
1 6

Case 400: -1

Case 401: -1

Case 402: 17
8 7
11 4
5 11
7 5
11 12
5 11
9 5
5 7
7 8
11 5
4 11
5 7
11 5
5 9
7 5
5 11
11 4

Case 403: 3
6 3
1 6
6 9

Case 404: 6
8 5
5 6
6 2
11 3
2 11
11 9

Case 405: -1

Case 406: 5
5 2
2 6
7 8
8 5
5 2

Case 407: 7
2 5
12 10
14 11
3 14
10 3
3 2
2 6

Case 408: 15
1 7
2 5
3 2
7 10
8 3
3 1
1 7
2 3
3 1
5 2
2 3
3 8
1 3
3 2
2 5

Case 409: 4
2 1
4 2
2 6
6 5

Case 410: 1
7 4

Case 411: 3
7 10
10 6
6 1

Case 412: -1

Case 413: -1

Case 414: 2
7 10
10 2

Case 415: 2
5 1
1 4

Case 416: 5
6 4
4 3
11 12
12 6
6 4

Case 417: -1

Case 418: 1
8 3

Case 419: 4
9 7
7 8
8 4
4 2

Case 420: 1
8 3

Case 421: 5
6 4
4 1
2 4
4 6
6 5

Case 422: 1
1 5

Case 423: 3
6 5
5 4
4 9

Case 424: 1
5 2

Case 425: 3
11 9
10 11
11 4

Case 426: 7
12 9
9 4
4 14
13 11
14 8
8 13
13 7

Case 427: 1
1 2

Case 428: 5
10 3
2 10
3 5
10 3
3 7

Case 429: 6
5 8
8 14
14 15
15 3
3 6
6 2

Case 430: 1
9 6

Case 431: 8
1 8
9 1
5 9
12 7
10 12
1 10
9 1
1 11

Case 432: 1
4 1

Case 433: 1
4 9

Case 434: -1

Case 435: 1
1 5

Case 436: 2
4 2
2 1

Case 437: 6
1 5
5 7
7 3
3 2
2 11
11 9

Case 438: 4
4 3
3 2
2 7
7 1

Case 439: -1

Case 440: 1
5 4

Case 441: 2
7 5
5 2

Case 442: 1
1 4

Case 443: 1
7 1

Case 444: 7
2 12
5 1
6 2
3 6
6 5
5 13
13 9

Case 445: 1
7 1

Case 446: 2
11 10
10 4

Case 447: -1

Case 448: -1

Case 449: 2
5 7
7 3

Case 450: 4
8 4
1 8
4 7
8 4

Case 451: 1
2 4

Case 452: -1

Case 453: 2
5 6
6 4

Case 454: -1

Case 455: 1
3 7

Case 456: 1
5 3

Case 457: 7
10 7
13 2
2 11
11 12
12 9
9 10
10 4

Case 458: 2
4 3
3 5

Case 459: -1

Case 460: -1

Case 461: 4
6 2
11 1
1 6
6 10

Case 462: 7
4 7
6 4
4 12
11 4
4 6
6 5
5 9

Case 463: 2
3 7
7 4

Case 464: 3
3 2
12 3
3 6

Case 465: 1
5 2

Case 466: 2
5 3
3 1

Case 467: 4
4 2
2 1
7 4
4 2

Case 468: 3
2 4
4 1
1 3

Case 469: 2
2 3
3 1

Case 470: 5
5 13
13 6
15 5
5 13
13 1

Case 471: 1
3 2

Case 472: 1
4 1

Case 473: -1

Case 474: 5
11 9
15 6
2 15
6 11
15 6

Case 475: 2
9 8
8 5

Case 476: 1
4 2

Case 477: 2
6 1
1 3

Case 478: -1

Case 479: 1
6 4

Case 480: 1
5 4

Case 481: 10
7 6
13 5
5 7
10 13
13 5
5 12
11 5
5 13
13 10
10 4

Case 482: 5
2 4
8 6
9 2
2 8
8 3

Case 483: -1

Case 484: 12
11 9
9 5
5 8
6 9
4 6
9 5
6 9
9 11
5 9
9 6
6 4
4 7

Case 485: -1

Case 486: 5
4 5
13 11
1 13
13 4
4 3

Case 487: -1

Case 488: -1

Case 489: 1
3 5

Case 490: 2
3 1
1 4

Case 491: 1
1 5

Case 492: 3
4 7
7 1
1 3

Case 493: 2
4 3
3 1

Case 494: 3
6 3
10 6
6 5

Case 495: -1

Case 496: 1
9 7

Case 497: 3
10 9
9 8
8 11

Case 498: -1

Case 499: 1
3 2

Case 500: 2
6 1
1 3

Case 501: 1
5 9

Case 502: 4
5 8
7 2
2 5
5 1

Case 503: 2
3 2
2 4

Case 504: -1

Case 505: 2
1 5
5 4

Case 506: 1
3 6

Case 507: 2
5 2
2 4

Case 508: 2
3 6
6 5

Case 509: 3
7 4
4 1
1 9

Case 510: -1

Case 511: 3
11 2
2 8
8 10

Case 512: 1
5 6

Case 513: 2
5 1
1 6

Case 514: -1

Case 515: 3
9 6
6 7
7 5

Case 516: 11
5 1
10 8
1 10
6 1
4 6
8 11
10 8
1 10
6 1
1 5
5 7

Case 517: 6
6 10
1 6
10 2
6 10
10 3
3 9

Case 518: 1
1 3

Case 519: 1
2 4

Case 520: 1
6 9

Case 521: 1
5 4

Case 522: 5
11 2
2 7
7 10
10 9
9 3

Case 523: 2
8 5
5 9

Case 524: -1

Case 525: 4
7 4
4 2
2 10
10 5

Case 526: -1

Case 527: 1
5 2

Case 528: 2
2 7
7 1

Case 529: 1
4 5

Case 530: 6
3 6
7 5
5 3
9 4
6 9
3 6

Case 531: 4
5 3
8 2
2 5
5 1

Case 532: -1

Case 533: 5
4 5
5 15
12 13
15 12
12 10

Case 534: 4
2 6
6 11
11 13
13 4

Case 535: -1

Case 536: 2
4 5
5 3

Case 537: 7
6 5
5 3
3 1
4 3
3 5
5 6
6 2

Case 538: 6
6 9
7 8
2 7
8 6
7 8
8 10

Case 539: 7
3 2
4 8
8 7
2 8
8 4
4 1
1 6

Case 540: -1

Case 541: 13
11 6
5 11
2 5
4 2
6 8
11 6
5 11
2 5
6 9
11 6
5 11
6 10
11 6

Case 542: 6
7 5
4 7
7 6
8 7
7 4
4 3

Case 543: -1

Case 544: 1
1 5

Case 545: 1
6 5

Case 546: 3
3 10
14 3
3 12

Case 547: 2
3 13
13 12

Case 548: 2
7 2
2 13

Case 549: 2
12 6
6 11

Case 550: 1
8 6

Case 551: 4
5 3
7 5
5 4
4 11

Case 552: 2
3 1
1 5

Case 553: 1
2 9

Case 554: 4
7 12
8 6
6 7
7 1

Case 555: 1
2 5

Case 556: 7
8 14
9 8
12 11
14 12
8 14
14 7
7 3

Case 557: -1

Case 558: 1
5 1

Case 559: 10
1 2
3 6
2 3
6 7
3 6
8 1
1 2
2 3
3 5
5 4

Case 560: -1

Case 561: -1

Case 562: 2
7 1
1 2

Case 563: 2
3 4
4 7

Case 564: -1

Case 565: 1
2 1

Case 566: 4
1 4
4 6
6 2
2 11

Case 567: 2
9 7
7 3

Case 568: 2
1 3
3 2

Case 569: -1

Case 570: 6
1 3
5 1
1 9
4 1
1 5
5 11

Case 571: -1

Case 572: 3
8 5
5 3
3 2

Case 573: 3
6 13
5 6
6 12

Case 574: 18
2 8
4 9
5 4
6 2
2 5
8 2
2 6
10 8
8 2
11 12
7 11
5 7
2 5
6 2
2 8
8 10
10 1
1 3

Case 575: 1
1 3

Case 576: 2
4 6
6 3

Case 577: 2
6 5
5 3

Case 578: 5
5 3
3 4
2 3
3 5
5 1

Case 579: 4
9 5
2 9
5 8
9 5

Case 580: 2
9 4
4 2

Case 581: 3
2 6
6 4
4 7

Case 582: -1

Case 583: 2
4 2
2 7

Case 584: 4
3 5
2 3
5 1
3 5

Case 585: -1

Case 586: 5
2 12
3 5
4 2
2 3
3 11

Case 587: 2
9 6
6 1

Case 588: -1

Case 589: 2
6 10
10 5

Case 590: 4
2 1
4 2
2 3
3 8

Case 591: 1
11 9

Case 592: -1

Case 593: -1

Case 594: 1
8 6

Case 595: 1
1 4

Case 596: 1
1 2

Case 597: 7
2 8
7 4
13 7
7 10
8 13
13 7
7 11

Case 598: 4
2 6
1 2
2 3
3 11

Case 599: 2
3 13
13 10

Case 600: 11
8 5
9 3
3 2
6 9
4 6
9 3
3 7
6 9
7 8
9 3
3 7

Case 601: 4
11 9
9 8
8 5
5 2

Case 602: 3
1 3
3 6
6 7

Case 603: 4
7 6
9 7
14 9
9 10

Case 604: -1

Case 605: 1
4 3

Case 606: 1
8 7

Case 607: 2
10 11
11 4

Case 608: 13
6 10
11 6
5 11
11 2
2 9
6 11
10 6
11 2
6 11
11 5
2 11
11 6
6 10

Case 609: 1
1 4

Case 610: 1
8 7

Case 611: 4
2 4
4 6
6 3
3 8

Case 612: -1

Case 613: 1
14 3

Case 614: 1
1 10

Case 615: -1

Case 616: 2
2 4
4 3

Case 617: 1
4 6

Case 618: 3
3 4
5 3
3 1

Case 619: -1

Case 620: 1
7 3

Case 621: 1
2 1

Case 622: 1
5 4

Case 623: 4
8 4
4 2
11 8
8 4

Case 624: 1
7 12

Case 625: 6
10 1
8 10
10 15
1 10
10 8
8 4

Case 626: -1

Case 627: 3
12 14
14 9
9 8

Case 628: 5
6 4
4 2
7 4
4 6
6 5

Case 629: 1
5 8

Case 630: 1
3 1

Case 631: -1

Case 632: 2
1 4
4 3

Case 633: 3
12 15
15 5
5 3

Case 634: 5
7 2
9 6
2 9
9 3
3 1

Case 635: -1

Case 636: -1

Case 637: -1

Case 638: 1
6 5

Case 639: -1

Case 640: 5
6 2
9 10
10 12
12 6
6 13

Case 641: 1
7 11

Case 642: 1
1 2

Case 643: 3
6 5
5 1
1 2

Case 644: 6
12 5
5 14
11 12
12 5
5 2
2 8

Case 645: 1
1 4

Case 646: 3
6 5
1 6
6 2

Case 647: 1
2 5

Case 648: -1

Case 649: 2
1 4
4 3

Case 650: -1

Case 651: 1
12 5

Case 652: 4
8 10
3 8
8 1
1 9

Case 653: 4
3 1
14 3
9 14
14 2

Case 654: 2
2 3
3 1

Case 655: 5
8 11
10 2
13 10
11 13
13 4

Case 656: 1
4 9

Case 657: 3
6 3
2 6
6 1

Case 658: 6
1 15
2 12
7 1
12 7
7 3
3 10

Case 659: 2
1 2
2 8

Case 660: 6
4 1
10 4
11 3
4 11
11 9
9 5

Case 661: 10
5 2
6 10
12 5
5 9
8 12
11 5
12 6
5 12
12 8
8 4

Case 662: 3
5 4
1 5
5 2

Case 663: 3
1 4
13 1
1 8

Case 664: 6
1 11
13 10
10 7
11 13
13 10
10 2

Case 665: 3
4 9
8 4
4 6

Case 666: -1

