1.8969873663751216
3.3107177177643603
2.3999207488745791
1.4691901408450705
3.5035346069549416
-1.0000000000000000
3.4192467458232754
2.5862901978973407
2.4114798778672375
-1.0000000000000000
1.9184713375796179
3.5566355560452783
3.3207640427393521
2.1480542786388379
1.7997588563468083
1.5285462036492055
1.0000000000000000
1.0000000000000000
1.9532293986636973
3.1257609715744268
-1.0000000000000000
2.2206792293098103
1.0000000000000000
2.8707253331806868
1.7520372526193246
0.0000000000000000
1.9813333333333334
2.5355031804737198
3.2864055916398272
-1.0000000000000000
2.2085489682279724
0.0000000000000000
0.0000000000000000
0.0000000000000000
-1.0000000000000000
1.6575529733424470
2.3675478883111722
1.0000000000000000
2.2873502466525721
1.0000000000000000
3.2045913018214751
2.0938684927317146
1.0000000000000000
1.0000000000000000
1.9669189488209822
3.6919204632812712
3.0833892152116458
0.0000000000000000
-1.0000000000000000
-1.0000000000000000
