8 5 6 7 4 2 1 3
1 2
14 12 11 9 8 10 7 5 6 13 3 2 4 1 15
3 5 2 4 1
8 5 1 6 3 2 7 4
10 8 7 5 4 3 2 1 6 9
20 19 16 15 14 13 12 11 9 8 10 7 18 6 5 4 3 2 1 17
21 19 17 16 14 13 12 11 10 9 8 7 18 6 15 5 4 3 2 20 1
3 2 1
4 2 5 3 6 7 1
15 14 13 12 10 9 8 6 5 4 3 2 11 16 7 1
12 11 10 8 7 5 13 6 4 3 2 14 9 1
5 4 3 1 2
3 4 1 2
12 10 8 7 9 1 5 2 6 11 4 3
18 17 15 14 13 12 11 10 16 9 8 7 6 5 4 3 2 1
2 3 1
16 14 13 12 11 8 15 6 5 2 1 17 7 9 10 3 4
9 8 7 6 12 11 4 3 10 5 2 1
19 18 17 16 15 14 13 12 11 10 9 8 7 6 5 4 3 2 1
13 10 6 5 4 2 12 3 7 9 1 8 11
14 12 11 10 8 5 6 3 2 13 9 1 4 15 7
13 10 7 12 6 5 11 8 9 4 3 2 1
8 6 10 2 5 9 3 1 7 4 11
5 6 4 8 2 7 1 3
17 16 15 14 12 11 10 9 8 7 6 5 4 13 3 2 1
4 3 1 2
1 2
16 13 11 12 15 9 7 8 6 5 4 10 3 14 2 1
14 11 6 4 15 9 2 5 3 8 12 7 1 10 13
17 14 12 18 11 8 10 9 13 19 6 7 5 16 4 3 2 1 15
20 19 18 17 16 13 12 15 11 10 8 7 6 9 5 3 2 4 1 14 21
2 5 3 1 6 9 4 7 8
6 7 5 3 2 4 1
20 18 19 17 16 15 14 13 12 11 10 9 8 7 6 5 4 3 2 1
1 7 8 6 2 5 3 4 9 10
13 10 9 15 11 7 6 8 5 14 4 3 2 1 12
12 11 10 8 7 5 4 3 9 2 1 6
12 11 10 9 8 7 6 5 4 3 2 13 1
1 2 3
1 2 6 4 5 3
13 12 9 5 10 11 6 3 2 1 4 14 8 7
17 15 13 12 10 11 8 7 6 14 5 9 4 16 3 2 1
8 2 4 6 1 7 5 3
15 11 2 18 8 16 4 17 14 5 13 9 10 6 3 12 7 1
11 10 8 7 9 5 3 2 6 4 1 12
1 3 2
8 6 4 10 5 3 9 11 2 7 1
11 8 7 6 3 13 10 20 12 18 4 15 14 2 1 9 16 5 19 17
5 4 3 7 2 6 1
12 6 5 4 7 3 8 9 2 13 10 1 11
2 3 1
14 13 12 11 9 8 7 6 5 4 10 3 2 1
10 8 12 6 4 5 3 11 9 7 2 1
20 17 16 15 9 4 5 3 14 13 11 10 18 12 8 7 19 2 6 1
17 16 15 13 11 10 7 5 8 3 14 6 9 4 12 2 1
1 2 3 5 4
2 1 5 4 7 6 3
5 2 4 1 3 7 6 8
21 19 20 18 17 14 13 12 16 11 10 9 8 6 5 4 7 3 15 2 1
5 4 2 1 6 3
1 4 3 2
21 20 19 16 15 14 11 12 10 9 6 4 5 13 7 17 18 3 2 8 1
14 13 12 10 9 8 6 5 4 11 7 3 1 2
6 8 3 7 2 4 1 5
18 16 15 14 13 17 11 19 10 12 9 8 7 5 20 4 3 6 2 1
2 1 3 4 6 5
16 15 10 8 5 9 6 3 12 17 14 4 11 13 7 2 1
11 8 6 10 4 3 7 2 9 12 1 5
11 3 6 10 4 9 8 2 7 1 5
19 18 17 20 16 13 12 11 10 8 7 6 9 5 4 14 3 2 1 15
1 5 2 4 3
5 2 4 1 3
9 13 12 8 7 6 11 4 3 1 10 2 5
5 6 8 4 3 7 10 1 9 12 11 2 13
17 15 14 13 12 11 18 9 8 7 10 6 5 4 16 19 3 2 1
20 19 18 15 14 13 12 11 9 8 7 10 17 6 16 21 5 4 3 2 1
17 13 16 12 9 8 7 21 3 19 14 2 15 4 5 10 18 1 11 20 6
7 5 4 3 6 2 1
3 2 1
6 5 2 1 4 3
20 19 18 17 16 12 11 9 8 15 10 7 13 6 5 4 14 3 2 1
2 1
6 9 1 5 2 10 3 4 7 8
10 9 8 11 7 6 5 4 3 2 1
13 11 10 9 12 6 4 3 7 5 8 2 1
6 4 5 9 1 7 3 8 2
4 5 3 6 2 7 1
20 18 16 19 15 14 13 11 10 9 8 7 6 5 4 3 12 17 2 1
10 9 8 7 5 13 4 3 2 1 12 11 6
5 8 9 3 4 2 1 10 6 7
17 18 16 15 14 12 11 10 19 9 8 6 5 4 13 3 2 1 7
3 1 7 4 6 5 2
18 15 10 11 9 12 17 13 7 6 14 8 16 5 4 3 2 1
6 5 7 4 8 3 2 10 9 1
18 12 10 9 8 7 14 6 16 15 13 5 3 4 2 11 17 1
14 13 12 10 7 6 5 4 3 11 2 8 9 1
12 3 2 1 11 10 6 8 4 5 9 7
19 18 17 12 11 15 14 9 13 8 6 5 4 20 2 1 10 3 7 16
4 1 6 5 3 2

